1.768847479727046812e+00
1.310184939765935308e+00
9.727600949548360632e-01
6.033432400106485405e-01
4.114391504569386848e-01
2.494591545530004950e-01
-1.288337767494948487e-02
-1.605347709252918642e-01
-3.803012137448734675e-01
-6.910220758300600341e-01
-8.555674485333941703e-01
-9.988610838336696718e-01
-1.310507394547187454e+00
-1.474464595098709196e+00
-1.910035054720844006e+00
-2.215787584270390465e+00
-2.665850737102229751e+00
-3.400331456154172205e+00
-4.415646360641411583e+00
-4.824240904630076265e+00
