0	169
0.0001	169
0.0002	170
0.0003	170
0.00035	171
0.0004	171
0.0005	172
0.0006	172
0.0007	174
0.0008	177
0.0009	184
0.001	189
0.0011	191
0.0012	188
0.0013	184
0.0014	178
0.0015	171
0.0016	165
0.0017	162
0.0018	163
0.0019	169
0.002	175
0.0021	178
0.0022	176
0.0023	171
0.0024	167
0.0025	166
0.0026	169
0.0027	173
0.0028	177
0.0029	176
0.003	173
0.0031	170
0.0032	171
0.0033	175
0.0034	179
0.0035	178
0.0036	173
0.0037	166
0.0038	164
0.0039	169
0.004	176
0.0041	178
0.0042	179
0.0043	178
0.0044	174
0.0045	168
0.0046	163
0.0047	160
0.0048	158
0.0049	158
0.005	162
0.0051	173
0.0052	185
0.0053	190
0.0054	187
0.0055	179
0.0056	170
0.0057	163
0.0058	159
0.0059	159
0.006	162
0.0061	168
0.0062	173
0.0063	178
0.0064	183
0.0065	185
0.0066	183
0.0067	175
0.0068	167
0.0069	162
0.007	162
0.0071	166
0.0072	173
0.0073	180
0.0074	183
0.0075	180
0.0076	175
0.0077	171
0.0078	169
0.0079	169
0.008	170
0.0081	172
0.0082	172
0.0083	169
0.0084	167
0.0085	167
0.0086	171
0.0087	175
0.0088	177
0.0089	178
0.009	179
0.0091	180
0.0092	177
0.0093	170
0.0094	165
0.0095	163
0.0096	163
0.0097	165
0.0098	171
0.0099	178
0.01	186
0.0101	189
0.0102	186
0.0103	178
0.0104	170
0.0105	162
0.0106	161
0.0107	163
0.0108	168
0.0109	171
0.011	173
0.0111	176
0.0112	181
0.0113	185
0.0114	185
0.0115	182
0.0116	177
0.0117	173
0.0118	171
0.0119	171
0.012	171
0.0121	168
0.0122	162
0.0123	159
0.0124	159
0.0125	165
0.0126	174
0.0127	180
0.0128	180
0.0129	176
0.013	174
0.0131	174
0.0132	172
0.0133	168
0.0134	168
0.0135	173
0.0136	176
0.0137	173
0.0138	167
0.0139	165
0.014	168
0.0141	173
0.0142	179
0.0143	187
0.0144	194
0.0145	191
0.0146	179
0.0147	162
0.0148	151
0.0149	149
0.015	158
0.0151	176
0.0152	193
0.0153	198
0.0154	193
0.0155	182
0.0156	170
0.0157	160
0.0158	153
0.0159	150
0.016	149
0.0161	153
0.0162	165
0.0163	179
0.0164	189
0.0165	189
0.0166	183
0.0167	173
0.0168	166
0.0169	165
0.017	166
0.0171	166
0.0172	163
0.0173	162
0.0174	164
0.0175	168
0.0176	175
0.0177	184
0.0178	188
0.0179	186
0.018	180
0.0181	173
0.0182	166
0.0183	162
0.0184	163
0.0185	171
0.0186	181
0.0187	186
0.0188	183
0.0189	176
0.019	171
0.0191	170
0.0192	172
0.0193	173
0.0194	171
0.0195	167
0.0196	164
0.0197	165
0.0198	170
0.0199	177
0.02	179
0.0201	177
0.0202	175
0.0203	175
0.0204	176
0.0205	173
0.0206	169
0.0207	167
0.0208	173
0.0209	182
0.021	185
0.0211	179
0.0212	168
0.0213	159
0.0214	155
0.0215	156
0.0216	160
0.0217	167
0.0218	173
0.0219	176
0.022	175
0.0221	175
0.0222	178
0.0223	182
0.0224	184
0.0225	183
0.0226	179
0.0227	172
0.0228	165
0.0229	163
0.023	166
0.0231	171
0.0232	174
0.0233	173
0.0234	172
0.0235	172
0.0236	174
0.0237	176
0.0238	175
0.0239	171
0.024	170
0.0241	177
0.0242	191
0.0243	206
0.0244	208
0.0245	196
0.0246	177
0.0247	159
0.0248	149
0.0249	148
0.025	155
0.0251	168
0.0252	183
0.0253	193
0.0254	195
0.0255	187
0.0256	174
0.0257	162
0.0258	156
0.0259	158
0.026	167
0.0261	175
0.0262	175
0.0263	170
0.0264	165
0.0265	167
0.0266	174
0.0267	181
0.0268	180
0.0269	173
0.027	166
0.0271	164
0.0272	167
0.0273	173
0.0274	177
0.0275	176
0.0276	173
0.0277	174
0.0278	180
0.0279	184
0.028	184
0.0281	180
0.0282	175
0.0283	172
0.0284	171
0.0285	173
0.0286	176
0.0287	178
0.0288	182
0.0289	185
0.029	184
0.0291	177
0.0292	167
0.0293	162
0.0294	162
0.0295	165
0.0296	169
0.0297	172
0.0298	174
0.0299	178
0.03	183
0.0301	186
0.0302	183
0.0303	174
0.0304	163
0.0305	154
0.0306	152
0.0307	159
0.0308	173
0.0309	185
0.031	187
0.0311	179
0.0312	168
0.0313	161
0.0314	161
0.0315	166
0.0316	173
0.0317	180
0.0318	182
0.0319	178
0.032	170
0.0321	161
0.0322	155
0.0323	154
0.0324	160
0.0325	169
0.0326	177
0.0327	182
0.0328	181
0.0329	179
0.033	178
0.0331	178
0.0332	178
0.0333	175
0.0334	172
0.0335	169
0.0336	166
0.0337	166
0.0338	169
0.0339	174
0.034	180
0.0341	187
0.0342	191
0.0343	192
0.0344	187
0.0345	178
0.0346	170
0.0347	162
0.0348	156
0.0349	153
0.035	155
0.0351	160
0.0352	167
0.0353	169
0.0354	169
0.0355	169
0.0356	171
0.0357	172
0.0358	170
0.0359	168
0.036	170
0.0361	174
0.0362	178
0.0363	179
0.0364	176
0.0365	173
0.0366	175
0.0367	179
0.0368	181
0.0369	179
0.037	177
0.0371	174
0.0372	170
0.0373	166
0.0374	162
0.0375	162
0.0376	168
0.0377	176
0.0378	180
0.0379	180
0.038	178
0.0381	178
0.0382	180
0.0383	182
0.0384	181
0.0385	179
0.0386	175
0.0387	170
0.0388	168
0.0389	170
0.039	173
0.0391	174
0.0392	171
0.0393	168
0.0394	166
0.0395	164
0.0396	164
0.0397	165
0.0398	166
0.0399	168
0.04	173
0.0401	179
0.0402	182
0.0403	183
0.0404	182
0.0405	177
0.0406	169
0.0407	166
0.0408	170
0.0409	180
0.041	188
0.0411	187
0.0412	180
0.0413	172
0.0414	166
0.0415	164
0.0416	164
0.0417	167
0.0418	171
0.0419	177
0.042	182
0.0421	185
0.0422	184
0.0423	180
0.0424	175
0.0425	168
0.0426	162
0.0427	158
0.0428	161
0.0429	166
0.043	170
0.0431	175
0.0432	182
0.0433	192
0.0434	197
0.0435	192
0.0436	179
0.0437	164
0.0438	152
0.0439	147
0.044	151
0.0441	162
0.0442	176
0.0443	185
0.0444	187
0.0445	182
0.0446	173
0.0447	166
0.0448	163
0.0449	164
0.045	168
0.0451	171
0.0452	173
0.0453	173
0.0454	174
0.0455	178
0.0456	182
0.0457	183
0.0458	180
0.0459	173
0.046	166
0.0461	164
0.0462	167
0.0463	174
0.0464	177
0.0465	175
0.0466	174
0.0467	176
0.0468	177
0.0469	174
0.047	168
0.0471	164
0.0472	165
0.0473	171
0.0474	178
0.0475	180
0.0476	179
0.0477	176
0.0478	172
0.0479	166
0.048	161
0.0481	157
0.0482	157
0.0483	164
0.0484	177
0.0485	188
0.0486	189
0.0487	182
0.0488	170
0.0489	162
0.049	162
0.0491	167
0.0492	171
0.0493	174
0.0494	175
0.0495	177
0.0496	179
0.0497	182
0.0498	185
0.0499	187
0.05	184
0.0501	177
0.0502	168
0.0503	159
0.0504	155
0.0505	155
0.0506	163
0.0507	174
0.0508	182
0.0509	183
0.051	179
0.0511	173
0.0512	168
0.0513	166
0.0514	168
0.0515	172
0.0516	176
0.0517	175
0.0518	172
0.0519	170
0.052	169
0.0521	169
0.0522	169
0.0523	170
0.0524	173
0.0525	178
0.0526	181
0.0527	179
0.0528	176
0.0529	175
0.053	174
0.0531	171
0.0532	168
0.0533	166
0.0534	169
0.0535	175
0.0536	178
0.0537	176
0.0538	171
0.0539	167
0.054	168
0.0541	173
0.0542	178
0.0543	178
0.0544	175
0.0545	173
0.0546	173
0.0547	171
0.0548	169
0.0549	166
0.055	164
0.0551	163
0.0552	166
0.0553	172
0.0554	179
0.0555	184
0.0556	189
0.0557	192
0.0558	192
0.0559	185
0.056	173
0.0561	162
0.0562	155
0.0563	154
0.0564	158
0.0565	168
0.0566	177
0.0567	182
0.0568	180
0.0569	176
0.057	176
0.0571	177
0.0572	178
0.0573	179
0.0574	179
0.0575	176
0.0576	172
0.0577	170
0.0578	172
0.0579	177
0.058	180
0.0581	177
0.0582	172
0.0583	166
0.0584	161
0.0585	157
0.0586	159
0.0587	165
0.0588	175
0.0589	182
0.059	183
0.0591	176
0.0592	166
0.0593	161
0.0594	164
0.0595	169
0.0596	173
0.0597	178
0.0598	185
0.0599	190
0.06	189
0.0601	184
0.0602	175
0.0603	166
0.0604	159
0.0605	157
0.0606	164
0.0607	177
0.0608	187
0.0609	188
0.061	181
0.0611	172
0.0612	166
0.0613	162
0.0614	162
0.0615	163
0.0616	165
0.0617	168
0.0618	173
0.0619	178
0.062	182
0.0621	187
0.0622	189
0.0623	186
0.0624	177
0.0625	167
0.0626	160
0.0627	161
0.0628	169
0.0629	179
0.063	183
0.0631	181
0.0632	172
0.0633	161
0.0634	155
0.0635	159
0.0636	171
0.0637	184
0.0638	188
0.0639	185
0.064	178
0.0641	171
0.0642	166
0.0643	162
0.0644	161
0.0645	164
0.0646	173
0.0647	182
0.0648	184
0.0649	178
0.065	170
0.0651	163
0.0652	162
0.0653	163
0.0654	164
0.0655	165
0.0656	166
0.0657	168
0.0658	171
0.0659	176
0.066	185
0.0661	192
0.0662	191
0.0663	182
0.0664	172
0.0665	166
0.0666	165
0.0667	168
0.0668	175
0.0669	179
0.067	178
0.0671	175
0.0672	171
0.0673	169
0.0674	170
0.0675	170
0.0676	168
0.0677	165
0.0678	164
0.0679	168
0.068	174
0.0681	178
0.0682	180
0.0683	176
0.0684	172
0.0685	170
0.0686	175
0.0687	184
0.0688	189
0.0689	185
0.069	174
0.0691	163
0.0692	160
0.0693	166
0.0694	175
0.0695	178
0.0696	175
0.0697	170
0.0698	168
0.0699	169
0.07	174
0.0701	179
0.0702	184
0.0703	185
0.0704	181
0.0705	173
0.0706	163
0.0707	155
0.0708	153
0.0709	158
0.071	172
0.0711	186
0.0712	193
0.0713	192
0.0714	187
0.0715	179
0.0716	171
0.0717	167
0.0718	165
0.0719	162
0.072	161
0.0721	161
0.0722	164
0.0723	168
0.0724	172
0.0725	178
0.0726	184
0.0727	186
0.0728	183
0.0729	179
0.073	178
0.0731	181
0.0732	182
0.0733	178
0.0734	170
0.0735	162
0.0736	162
0.0737	170
0.0738	180
0.0739	184
0.074	176
0.0741	164
0.0742	157
0.0743	160
0.0744	172
0.0745	184
0.0746	188
0.0747	184
0.0748	176
0.0749	170
0.075	168
0.0751	170
0.0752	176
0.0753	183
0.0754	187
0.0755	182
0.0756	171
0.0757	161
0.0758	156
0.0759	159
0.076	165
0.0761	172
0.0762	177
0.0763	175
0.0764	172
0.0765	171
0.0766	177
0.0767	187
0.0768	193
0.0769	187
0.077	176
0.0771	166
0.0772	161
0.0773	162
0.0774	164
0.0775	166
0.0776	167
0.0777	170
0.0778	174
0.0779	178
0.078	179
0.0781	175
0.0782	169
0.0783	167
0.0784	171
0.0785	177
0.0786	180
0.0787	179
0.0788	178
0.0789	176
0.079	176
0.0791	176
0.0792	173
0.0793	170
0.0794	166
0.0795	168
0.0796	174
0.0797	178
0.0798	175
0.0799	167
0.08	162
0.0801	164
0.0802	174
0.0803	184
0.0804	186
0.0805	180
0.0806	171
0.0807	164
0.0808	162
0.0809	169
0.081	182
0.0811	192
0.0812	189
0.0813	175
0.0814	161
0.0815	152
0.0816	155
0.0817	167
0.0818	180
0.0819	186
0.082	184
0.0821	177
0.0822	169
0.0823	164
0.0824	164
0.0825	170
0.0826	177
0.0827	183
0.0828	185
0.0829	180
0.083	172
0.0831	166
0.0832	164
0.0833	167
0.0834	172
0.0835	176
0.0836	177
0.0837	176
0.0838	174
0.0839	173
0.084	171
0.0841	168
0.0842	166
0.0843	168
0.0844	175
0.0845	182
0.0846	184
0.0847	182
0.0848	177
0.0849	175
0.085	174
0.0851	174
0.0852	176
0.0853	176
0.0854	174
0.0855	170
0.0856	168
0.0857	166
0.0858	167
0.0859	169
0.086	170
0.0861	170
0.0862	171
0.0863	171
0.0864	169
0.0865	166
0.0866	166
0.0867	170
0.0868	175
0.0869	178
0.087	178
0.0871	176
0.0872	173
0.0873	171
0.0874	173
0.0875	178
0.0876	183
0.0877	185
0.0878	183
0.0879	176
0.088	168
0.0881	164
0.0882	164
0.0883	169
0.0884	173
0.0885	175
0.0886	172
0.0887	167
0.0888	165
0.0889	166
0.089	171
0.0891	178
0.0892	184
0.0893	185
0.0894	182
0.0895	176
0.0896	170
0.0897	167
0.0898	168
0.0899	172
0.09	177
0.0901	179
0.0902	180
0.0903	180
0.0904	177
0.0905	171
0.0906	165
0.0907	160
0.0908	160
0.0909	166
0.091	177
0.0911	185
0.0912	183
0.0913	174
0.0914	165
0.0915	161
0.0916	165
0.0917	173
0.0918	179
0.0919	179
0.092	173
0.0921	164
0.0922	158
0.0923	159
0.0924	166
0.0925	180
0.0926	196
0.0927	205
0.0928	201
0.0929	185
0.093	166
0.0931	154
0.0932	150
0.0933	154
0.0934	164
0.0935	177
0.0936	187
0.0937	188
0.0938	182
0.0939	177
0.094	173
0.0941	171
0.0942	171
0.0943	172
0.0944	173
0.0945	173
0.0946	172
0.0947	168
0.0948	163
0.0949	164
0.095	174
0.0951	185
0.0952	188
0.0953	181
0.0954	170
0.0955	166
0.0956	171
0.0957	182
0.0958	185
0.0959	178
0.096	166
0.0961	157
0.0962	154
0.0963	157
0.0964	164
0.0965	170
0.0966	175
0.0967	178
0.0968	180
0.0969	182
0.097	182
0.0971	178
0.0972	171
0.0973	168
0.0974	167
0.0975	169
0.0976	169
0.0977	168
0.0978	166
0.0979	167
0.098	171
0.0981	176
0.0982	177
0.0983	179
0.0984	182
0.0985	184
0.0986	178
0.0987	169
0.0988	162
0.0989	160
0.099	163
0.0991	169
0.0992	171
0.0993	170
0.0994	167
0.0995	164
0.0996	164
0.0997	171
0.0998	183
0.0999	192
0.1	191
0.1	180
0.1	167
0.1	158
0.1	155
0.101	159
0.101	169
0.101	178
0.101	183
0.101	182
0.101	175
0.101	164
0.101	155
0.101	152
0.101	157
0.101	168
0.102	183
0.102	194
0.102	198
0.102	190
0.102	175
0.102	164
0.102	161
0.102	165
0.102	170
0.102	170
0.103	168
0.103	166
0.103	166
0.103	167
0.103	167
0.103	166
0.103	164
0.103	163
0.103	160
0.103	157
0.104	157
0.104	159
0.104	165
0.104	171
0.104	171
0.104	166
0.104	161
0.104	162
0.104	170
0.104	181
0.105	189
0.105	190
0.105	185
0.105	177
0.105	169
0.105	162
0.105	159
0.105	164
0.105	177
0.105	186
0.105	182
0.106	170
0.106	159
0.106	156
0.106	157
0.106	157
0.106	157
0.106	161
0.106	169
0.106	177
0.107	182
0.107	182
0.107	177
0.107	172
0.107	170
0.107	172
0.107	177
0.107	182
0.107	182
0.107	177
0.108	175
0.108	176
0.108	176
0.108	173
0.108	170
0.108	170
0.108	171
0.108	172
0.108	170
0.108	169
0.108	170
0.109	173
0.109	175
0.109	172
0.109	169
0.109	168
0.109	174
0.109	186
0.109	195
0.109	193
0.109	182
0.11	170
0.11	165
0.11	167
0.11	170
0.11	168
0.11	161
0.11	155
0.11	155
0.11	164
0.111	179
0.111	191
0.111	192
0.111	184
0.111	177
0.111	175
0.111	177
0.111	180
0.111	182
0.111	180
0.112	173
0.112	166
0.112	162
0.112	161
0.112	163
0.112	168
0.112	173
0.112	179
0.112	182
0.112	181
0.112	178
0.113	176
0.113	175
0.113	171
0.113	166
0.113	163
0.113	167
0.113	175
0.113	183
0.113	184
0.113	178
0.114	171
0.114	169
0.114	169
0.114	171
0.114	171
0.114	168
0.114	163
0.114	158
0.114	156
0.115	161
0.115	168
0.115	174
0.115	177
0.115	179
0.115	180
0.115	179
0.115	176
0.115	173
0.115	173
0.116	175
0.116	177
0.116	178
0.116	176
0.116	173
0.116	170
0.116	168
0.116	168
0.116	170
0.116	171
0.116	173
0.117	177
0.117	182
0.117	186
0.117	184
0.117	178
0.117	171
0.117	166
0.117	161
0.117	158
0.118	159
0.118	165
0.118	172
0.118	176
0.118	175
0.118	172
0.118	173
0.118	181
0.118	187
0.118	184
0.119	175
0.119	168
0.119	164
0.119	163
0.119	165
0.119	169
0.119	173
0.119	176
0.119	174
0.119	167
0.119	163
0.12	166
0.12	176
0.12	185
0.12	186
0.12	180
0.12	172
0.12	168
0.12	168
0.12	170
0.12	173
0.121	176
0.121	177
0.121	175
0.121	170
0.121	166
0.121	164
0.121	165
0.121	166
0.121	167
0.122	170
0.122	178
0.122	187
0.122	189
0.122	182
0.122	170
0.122	161
0.122	157
0.122	159
0.122	164
0.123	169
0.123	172
0.123	172
0.123	171
0.123	170
0.123	170
0.123	174
0.123	179
0.123	181
0.123	179
0.123	175
0.124	171
0.124	169
0.124	168
0.124	167
0.124	167
0.124	169
0.124	177
0.124	186
0.124	192
0.124	188
0.125	175
0.125	162
0.125	155
0.125	157
0.125	164
0.125	171
0.125	173
0.125	174
0.125	177
0.125	185
0.126	191
0.126	191
0.126	181
0.126	166
0.126	154
0.126	148
0.126	148
0.126	154
0.126	163
0.126	175
0.127	185
0.127	192
0.127	188
0.127	177
0.127	167
0.127	164
0.127	167
0.127	170
0.127	171
0.127	170
0.128	170
0.128	175
0.128	182
0.128	186
0.128	185
0.128	179
0.128	171
0.128	166
0.128	166
0.129	172
0.129	180
0.129	185
0.129	184
0.129	178
0.129	172
0.129	168
0.129	164
0.129	161
0.129	163
0.13	170
0.13	178
0.13	180
0.13	175
0.13	171
0.13	173
0.13	178
0.13	180
0.13	176
0.13	170
0.131	170
0.131	178
0.131	187
0.131	188
0.131	178
0.131	166
0.131	158
0.131	157
0.131	160
0.131	166
0.132	177
0.132	187
0.132	192
0.132	192
0.132	187
0.132	180
0.132	173
0.132	166
0.132	160
0.132	159
0.132	164
0.133	171
0.133	177
0.133	180
0.133	179
0.133	175
0.133	172
0.133	169
0.133	170
0.133	174
0.133	181
0.134	183
0.134	178
0.134	168
0.134	162
0.134	164
0.134	174
0.134	186
0.134	192
0.134	189
0.134	178
0.135	168
0.135	161
0.135	161
0.135	166
0.135	173
0.135	175
0.135	175
0.135	172
0.135	168
0.135	167
0.136	169
0.136	172
0.136	173
0.136	170
0.136	168
0.136	169
0.136	175
0.136	182
0.136	183
0.137	178
0.137	170
0.137	164
0.137	165
0.137	169
0.137	171
0.137	168
0.137	164
0.137	165
0.137	170
0.138	175
0.138	178
0.138	178
0.138	175
0.138	171
0.138	167
0.138	166
0.138	168
0.138	172
0.138	177
0.139	182
0.139	187
0.139	187
0.139	183
0.139	177
0.139	172
0.139	171
0.139	172
0.139	174
0.139	173
0.14	168
0.14	161
0.14	157
0.14	158
0.14	164
0.14	176
0.14	188
0.14	191
0.14	184
0.14	171
0.14	160
0.141	154
0.141	154
0.141	160
0.141	168
0.141	174
0.141	176
0.141	175
0.141	174
0.141	173
0.141	172
0.142	174
0.142	177
0.142	177
0.142	177
0.142	178
0.142	179
0.142	180
0.142	177
0.142	171
0.142	166
0.143	164
0.143	168
0.143	179
0.143	191
0.143	194
0.143	186
0.143	171
0.143	157
0.143	148
0.144	150
0.144	161
0.144	176
0.144	187
0.144	188
0.144	182
0.144	173
0.144	169
0.144	171
0.144	176
0.145	179
0.145	176
0.145	169
0.145	161
0.145	156
0.145	158
0.145	166
0.145	178
0.145	185
0.145	184
0.146	180
0.146	177
0.146	177
0.146	175
0.146	172
0.146	170
0.146	168
0.146	165
0.146	163
0.146	164
0.147	170
0.147	177
0.147	183
0.147	185
0.147	186
0.147	185
0.147	183
0.147	177
0.147	170
0.147	167
0.147	166
0.148	165
0.148	166
0.148	170
0.148	178
0.148	184
0.148	185
0.148	177
0.148	166
0.148	158
0.148	160
0.149	170
0.149	182
0.149	186
0.149	180
0.149	168
0.149	160
0.149	161
0.149	168
0.149	174
0.149	173
0.15	169
0.15	167
0.15	167
0.15	170
0.15	174
0.15	176
0.15	175
0.15	172
0.15	172
0.151	176
0.151	181
0.151	182
0.151	176
0.151	166
0.151	159
0.151	157
0.151	163
0.151	174
0.151	183
0.152	184
0.152	177
0.152	166
0.152	158
0.152	157
0.152	164
0.152	177
0.152	186
0.152	187
0.152	183
0.153	181
0.153	182
0.153	182
0.153	180
0.153	176
0.153	171
0.153	166
0.153	165
0.153	169
0.153	174
0.154	177
0.154	178
0.154	177
0.154	175
0.154	175
0.154	173
0.154	173
0.154	173
0.154	171
0.154	166
0.154	163
0.155	163
0.155	170
0.155	179
0.155	188
0.155	192
0.155	188
0.155	177
0.155	164
0.155	157
0.155	159
0.156	168
0.156	175
0.156	176
0.156	171
0.156	168
0.156	169
0.156	175
0.156	182
0.156	187
0.156	187
0.157	184
0.157	182
0.157	180
0.157	178
0.157	175
0.157	170
0.157	166
0.157	163
0.157	165
0.157	171
0.158	181
0.158	191
0.158	195
0.158	191
0.158	180
0.158	168
0.158	161
0.158	160
0.158	164
0.159	171
0.159	179
0.159	184
0.159	183
0.159	178
0.159	173
0.159	170
0.159	168
0.159	166
0.159	167
0.16	172
0.16	180
0.16	186
0.16	186
0.16	182
0.16	177
0.16	171
0.16	166
0.16	165
0.16	168
0.161	173
0.161	176
0.161	175
0.161	171
0.161	168
0.161	169
0.161	171
0.161	174
0.161	173
0.161	171
0.162	171
0.162	172
0.162	174
0.162	177
0.162	177
0.162	174
0.162	168
0.162	167
0.162	172
0.162	180
0.162	184
0.163	180
0.163	172
0.163	167
0.163	168
0.163	177
0.163	188
0.163	196
0.163	195
0.163	184
0.163	168
0.164	155
0.164	149
0.164	155
0.164	171
0.164	186
0.164	189
0.164	181
0.164	168
0.164	160
0.164	161
0.165	168
0.165	175
0.165	176
0.165	172
0.165	168
0.165	167
0.165	170
0.165	175
0.165	178
0.166	178
0.166	177
0.166	176
0.166	178
0.166	182
0.166	183
0.166	179
0.166	172
0.166	165
0.166	161
0.167	162
0.167	167
0.167	173
0.167	177
0.167	178
0.167	175
0.167	172
0.167	170
0.167	170
0.167	171
0.168	171
0.168	170
0.168	168
0.168	168
0.168	171
0.168	176
0.168	177
0.168	176
0.168	173
0.168	172
0.169	172
0.169	171
0.169	172
0.169	175
0.169	180
0.169	183
0.169	177
0.169	163
0.169	151
0.169	146
0.169	151
0.17	160
0.17	170
0.17	179
0.17	188
0.17	194
0.17	193
0.17	184
0.17	172
0.17	164
0.17	161
0.171	163
0.171	165
0.171	165
0.171	164
0.171	166
0.171	173
0.171	184
0.171	190
0.171	187
0.171	179
0.172	172
0.172	169
0.172	168
0.172	168
0.172	167
0.172	168
0.172	170
0.172	172
0.172	175
0.172	175
0.173	169
0.173	161
0.173	156
0.173	159
0.173	168
0.173	176
0.173	180
0.173	183
0.173	186
0.174	187
0.174	184
0.174	177
0.174	170
0.174	165
0.174	163
0.174	166
0.174	172
0.174	176
0.174	176
0.175	173
0.175	172
0.175	173
0.175	176
0.175	181
0.175	185
0.175	185
0.175	179
0.175	171
0.175	164
0.176	159
0.176	158
0.176	164
0.176	175
0.176	185
0.176	188
0.176	182
0.176	173
0.176	167
0.176	169
0.176	173
0.177	177
0.177	178
0.177	177
0.177	177
0.177	174
0.177	169
0.177	164
0.177	165
0.177	170
0.177	174
0.178	173
0.178	169
0.178	166
0.178	165
0.178	166
0.178	167
0.178	170
0.178	173
0.178	174
0.178	172
0.179	170
0.179	169
0.179	171
0.179	176
0.179	181
0.179	182
0.179	178
0.179	172
0.179	168
0.179	168
0.18	173
0.18	179
0.18	182
0.18	178
0.18	173
0.18	169
0.18	168
0.18	170
0.18	170
0.181	168
0.181	164
0.181	163
0.181	169
0.181	180
0.181	188
0.181	187
0.181	179
0.181	170
0.181	166
0.182	164
0.182	162
0.182	161
0.182	161
0.182	166
0.182	172
0.182	176
0.182	177
0.182	178
0.182	181
0.183	182
0.183	178
0.183	170
0.183	163
0.183	161
0.183	166
0.183	173
0.183	180
0.183	182
0.183	178
0.184	173
0.184	170
0.184	170
0.184	175
0.184	181
0.184	185
0.184	183
0.184	176
0.184	168
0.184	163
0.184	163
0.185	165
0.185	170
0.185	173
0.185	176
0.185	175
0.185	174
0.185	175
0.185	179
0.185	183
0.185	183
0.186	177
0.186	169
0.186	163
0.186	163
0.186	165
0.186	166
0.186	164
0.186	165
0.186	168
0.186	171
0.187	174
0.187	180
0.187	186
0.187	188
0.187	182
0.187	171
0.187	159
0.187	154
0.187	156
0.188	165
0.188	175
0.188	178
0.188	177
0.188	177
0.188	177
0.188	177
0.188	175
0.188	173
0.188	171
0.189	170
0.189	168
0.189	165
0.189	162
0.189	162
0.189	166
0.189	173
0.189	178
0.189	180
0.189	178
0.19	174
0.19	171
0.19	168
0.19	165
0.19	164
0.19	164
0.19	165
0.19	167
0.19	169
0.19	170
0.191	170
0.191	170
0.191	170
0.191	174
0.191	180
0.191	184
0.191	182
0.191	177
0.191	172
0.191	170
0.191	171
0.192	171
0.192	172
0.192	173
0.192	176
0.192	180
0.192	185
0.192	187
0.192	184
0.192	176
0.192	167
0.193	160
0.193	157
0.193	160
0.193	167
0.193	173
0.193	177
0.193	180
0.193	180
0.193	179
0.193	176
0.194	174
0.194	173
0.194	171
0.194	168
0.194	166
0.194	166
0.194	169
0.194	177
0.194	184
0.194	185
0.195	179
0.195	171
0.195	167
0.195	168
0.195	170
0.195	172
0.195	173
0.195	173
0.195	171
0.196	167
0.196	164
0.196	163
0.196	165
0.196	169
0.196	173
0.196	175
0.196	175
0.196	172
0.196	170
0.197	168
0.197	167
0.197	166
0.197	166
0.197	169
0.197	174
0.197	180
0.197	183
0.197	182
0.197	179
0.198	177
0.198	177
0.198	177
0.198	176
0.198	171
0.198	165
0.198	159
0.198	157
0.198	163
0.198	175
0.199	185
0.199	185
0.199	177
0.199	166
0.199	161
0.199	162
0.199	167
0.199	174
0.199	178
0.199	178
0.199	173
0.2	168
0.2	165
0.2	166
0.2	170
0.2	173
0.2	175
0.2	175
0.2	175
0.2	175
0.2	175
0.201	174
0.201	171
0.201	169
0.201	171
0.201	175
0.201	182
0.201	187
0.201	187
0.201	180
0.201	170
0.202	164
0.202	164
0.202	168
0.202	171
0.202	170
0.202	168
0.202	168
0.202	172
0.202	177
0.203	180
0.203	178
0.203	175
0.203	170
0.203	165
0.203	163
0.203	165
0.203	168
0.203	171
0.203	174
0.204	178
0.204	182
0.204	182
0.204	179
0.204	178
0.204	180
0.204	184
0.204	185
0.204	182
0.204	176
0.205	169
0.205	164
0.205	166
0.205	173
0.205	181
0.205	181
0.205	175
0.205	168
0.205	165
0.205	166
0.206	168
0.206	171
0.206	173
0.206	174
0.206	175
0.206	174
0.206	177
0.206	184
0.206	189
0.206	189
0.206	183
0.207	172
0.207	162
0.207	156
0.207	154
0.207	155
0.207	159
0.207	164
0.207	172
0.207	177
0.207	177
0.208	174
0.208	175
0.208	178
0.208	180
0.208	178
0.208	174
0.208	172
0.208	171
0.208	171
0.208	168
0.209	165
0.209	164
0.209	166
0.209	170
0.209	172
0.209	173
0.209	171
0.209	169
0.209	171
0.21	178
0.21	185
0.21	186
0.21	182
0.21	175
0.21	168
0.21	164
0.21	164
0.21	167
0.21	171
0.211	172
0.211	171
0.211	170
0.211	169
0.211	166
0.211	163
0.211	163
0.211	169
0.211	178
0.211	184
0.212	183
0.212	179
0.212	175
0.212	169
0.212	163
0.212	160
0.212	162
0.212	168
0.212	176
0.212	180
0.213	178
0.213	172
0.213	168
0.213	169
0.213	175
0.213	182
0.213	184
0.213	180
0.213	173
0.213	170
0.213	172
0.214	176
0.214	175
0.214	169
0.214	163
0.214	162
0.214	167
0.214	175
0.214	180
0.214	181
0.214	177
0.215	171
0.215	166
0.215	164
0.215	162
0.215	162
0.215	163
0.215	166
0.215	171
0.215	178
0.215	186
0.216	192
0.216	192
0.216	185
0.216	173
0.216	161
0.216	155
0.216	159
0.216	171
0.216	180
0.216	179
0.217	171
0.217	162
0.217	159
0.217	162
0.217	167
0.217	172
0.217	175
0.217	178
0.217	178
0.218	176
0.218	173
0.218	171
0.218	171
0.218	173
0.218	175
0.218	176
0.218	175
0.218	172
0.218	170
0.219	173
0.219	177
0.219	179
0.219	178
0.219	174
0.219	171
0.219	171
0.219	171
0.219	172
0.219	173
0.22	174
0.22	173
0.22	172
0.22	173
0.22	173
0.22	172
0.22	169
0.22	169
0.22	171
0.22	175
0.221	180
0.221	184
0.221	185
0.221	182
0.221	175
0.221	165
0.221	157
0.221	155
0.221	161
0.221	171
0.221	178
0.222	177
0.222	171
0.222	167
0.222	170
0.222	178
0.222	185
0.222	188
0.222	185
0.222	177
0.222	169
0.223	164
0.223	164
0.223	165
0.223	165
0.223	165
0.223	166
0.223	169
0.223	177
0.223	187
0.223	195
0.224	195
0.224	185
0.224	171
0.224	160
0.224	155
0.224	157
0.224	162
0.224	166
0.224	169
0.225	173
0.225	179
0.225	185
0.225	187
0.225	184
0.225	177
0.225	173
0.225	175
0.225	180
0.225	183
0.226	179
0.226	170
0.226	160
0.226	156
0.226	160
0.226	173
0.226	187
0.226	192
0.226	186
0.226	177
0.227	167
0.227	162
0.227	163
0.227	168
0.227	168
0.227	163
0.227	160
0.227	166
0.227	183
0.227	199
0.228	203
0.228	193
0.228	176
0.228	162
0.228	155
0.228	160
0.228	172
0.228	184
0.228	184
0.228	177
0.228	168
0.229	164
0.229	166
0.229	170
0.229	173
0.229	175
0.229	174
0.229	173
0.229	172
0.229	171
0.229	172
0.23	173
0.23	175
0.23	173
0.23	168
0.23	164
0.23	163
0.23	167
0.23	172
0.23	176
0.23	179
0.231	180
0.231	178
0.231	176
0.231	173
0.231	172
0.231	170
0.231	168
0.231	168
0.231	171
0.232	177
0.232	182
0.232	182
0.232	178
0.232	173
0.232	170
0.232	168
0.232	163
0.232	159
0.232	157
0.233	159
0.233	163
0.233	165
0.233	164
0.233	164
0.233	170
0.233	181
0.233	191
0.233	189
0.233	177
0.234	163
0.234	158
0.234	160
0.234	166
0.234	171
0.234	173
0.234	171
0.234	167
0.234	165
0.234	167
0.235	172
0.235	179
0.235	185
0.235	186
0.235	181
0.235	175
0.235	171
0.235	169
0.235	166
0.235	163
0.235	164
0.236	170
0.236	178
0.236	183
0.236	185
0.236	184
0.236	178
0.236	171
0.236	164
0.236	160
0.236	161
0.237	166
0.237	175
0.237	178
0.237	177
0.237	174
0.237	175
0.237	177
0.237	177
0.237	170
0.237	163
0.238	159
0.238	159
0.238	164
0.238	173
0.238	182
0.238	182
0.238	173
0.238	162
0.238	158
0.238	162
0.239	171
0.239	177
0.239	177
0.239	172
0.239	166
0.239	162
0.239	162
0.239	170
0.239	181
0.24	189
0.24	188
0.24	182
0.24	178
0.24	177
0.24	176
0.24	175
0.24	175
0.24	173
0.24	170
0.241	166
0.241	166
0.241	173
0.241	181
0.241	186
0.241	186
0.241	181
0.241	174
0.241	167
0.241	165
0.242	168
0.242	172
0.242	172
0.242	166
0.242	159
0.242	155
0.242	159
0.242	169
0.242	179
0.242	181
0.243	176
0.243	170
0.243	166
0.243	164
0.243	166
0.243	173
0.243	181
0.243	185
0.243	183
0.243	175
0.243	168
0.244	165
0.244	166
0.244	171
0.244	175
0.244	176
0.244	174
0.244	170
0.244	166
0.244	163
0.244	165
0.245	173
0.245	179
0.245	180
0.245	178
0.245	178
0.245	179
0.245	178
0.245	173
0.245	166
0.245	163
0.246	163
0.246	167
0.246	173
0.246	177
0.246	178
0.246	175
0.246	172
0.246	170
0.246	171
0.247	177
0.247	183
0.247	185
0.247	185
0.247	181
0.247	177
0.247	172
0.247	168
0.247	167
0.247	167
0.248	167
0.248	171
0.248	176
0.248	179
0.248	177
0.248	175
0.248	173
0.248	173
0.248	174
0.248	176
0.249	176
0.249	174
0.249	170
0.249	165
0.249	163
0.249	165
0.249	171
0.249	176
0.249	180
0.249	183
0.25	185
0.25	185
0.25	182
0.25	175
0.25	168
0.25	163
0.25	161
0.25	162
0.25	170
0.25	182
0.25	194
0.251	197
0.251	190
0.251	178
0.251	168
0.251	161
0.251	159
0.251	161
0.251	164
0.251	170
0.252	178
0.252	187
0.252	193
0.252	191
0.252	181
0.252	168
0.252	157
0.252	151
0.252	151
0.252	156
0.252	163
0.253	168
0.253	171
0.253	172
0.253	175
0.253	179
0.253	181
0.253	180
0.253	177
0.253	174
0.254	173
0.254	170
0.254	162
0.254	154
0.254	150
0.254	154
0.254	165
0.254	176
0.254	184
0.254	187
0.255	184
0.255	178
0.255	171
0.255	168
0.255	169
0.255	173
0.255	179
0.255	184
0.255	182
0.255	175
0.255	169
0.256	169
0.256	174
0.256	179
0.256	177
0.256	170
0.256	163
0.256	162
0.256	166
0.256	172
0.257	177
0.257	177
0.257	173
0.257	168
0.257	166
0.257	168
0.257	171
0.257	172
0.257	172
0.257	171
0.257	169
0.258	164
0.258	159
0.258	158
0.258	161
0.258	167
0.258	172
0.258	175
0.258	177
0.258	175
0.259	175
0.259	178
0.259	180
0.259	178
0.259	171
0.259	165
0.259	162
0.259	164
0.259	171
0.259	180
0.259	188
0.26	192
0.26	190
0.26	183
0.26	177
0.26	171
0.26	168
0.26	170
0.26	175
0.26	178
0.261	177
0.261	171
0.261	166
0.261	165
0.261	168
0.261	169
0.261	167
0.261	167
0.261	172
0.261	180
0.262	185
0.262	183
0.262	176
0.262	172
0.262	174
0.262	177
0.262	178
0.262	173
0.262	164
0.262	156
0.262	152
0.263	156
0.263	166
0.263	178
0.263	185
0.263	185
0.263	181
0.263	176
0.263	173
0.263	173
0.264	173
0.264	173
0.264	173
0.264	171
0.264	167
0.264	162
0.264	159
0.264	159
0.264	162
0.264	168
0.264	173
0.265	177
0.265	178
0.265	180
0.265	181
0.265	179
0.265	173
0.265	169
0.265	169
0.265	171
0.266	170
0.266	167
0.266	165
0.266	166
0.266	171
0.266	180
0.266	187
0.266	187
0.266	179
0.266	168
0.266	159
0.267	155
0.267	159
0.267	171
0.267	187
0.267	197
0.267	195
0.267	185
0.267	171
0.267	160
0.268	156
0.268	160
0.268	171
0.268	181
0.268	183
0.268	177
0.268	169
0.268	166
0.268	169
0.268	174
0.269	178
0.269	179
0.269	177
0.269	172
0.269	170
0.269	174
0.269	178
0.269	180
0.269	176
0.269	171
0.269	167
0.27	166
0.27	170
0.27	175
0.27	176
0.27	171
0.27	164
0.27	163
0.27	168
0.27	177
0.271	182
0.271	178
0.271	171
0.271	167
0.271	169
0.271	174
0.271	176
0.271	177
0.271	177
0.271	174
0.271	171
0.272	170
0.272	173
0.272	179
0.272	186
0.272	190
0.272	187
0.272	178
0.272	165
0.272	154
0.273	150
0.273	156
0.273	169
0.273	181
0.273	186
0.273	186
0.273	182
0.273	175
0.273	167
0.273	161
0.273	162
0.274	167
0.274	174
0.274	182
0.274	191
0.274	193
0.274	186
0.274	175
0.274	164
0.274	159
0.275	158
0.275	162
0.275	170
0.275	175
0.275	175
0.275	171
0.275	170
0.275	175
0.275	186
0.275	196
0.276	199
0.276	189
0.276	174
0.276	161
0.276	154
0.276	157
0.276	163
0.276	169
0.276	171
0.276	170
0.276	171
0.277	174
0.277	177
0.277	178
0.277	177
0.277	175
0.277	174
0.277	171
0.277	167
0.277	164
0.278	164
0.278	166
0.278	169
0.278	172
0.278	173
0.278	174
0.278	175
0.278	179
0.278	181
0.278	177
0.278	170
0.279	164
0.279	164
0.279	170
0.279	177
0.279	180
0.279	176
0.279	170
0.279	168
0.279	171
0.28	176
0.28	179
0.28	179
0.28	177
0.28	176
0.28	177
0.28	178
0.28	175
0.28	170
0.28	166
0.28	170
0.281	177
0.281	181
0.281	178
0.281	171
0.281	164
0.281	163
0.281	168
0.281	177
0.281	184
0.282	186
0.282	182
0.282	174
0.282	166
0.282	161
0.282	161
0.282	164
0.282	167
0.282	168
0.282	168
0.282	172
0.283	180
0.283	190
0.283	197
0.283	196
0.283	186
0.283	171
0.283	157
0.283	149
0.283	149
0.283	155
0.284	162
0.284	170
0.284	179
0.284	191
0.284	198
0.284	194
0.284	180
0.284	164
0.284	153
0.285	151
0.285	159
0.285	171
0.285	183
0.285	187
0.285	184
0.285	176
0.285	167
0.285	161
0.285	163
0.285	171
0.286	181
0.286	185
0.286	182
0.286	177
0.286	171
0.286	165
0.286	161
0.286	161
0.286	162
0.287	163
0.287	162
0.287	161
0.287	162
0.287	167
0.287	176
0.287	184
0.287	187
0.287	184
0.287	178
0.287	173
0.288	169
0.288	166
0.288	166
0.288	167
0.288	169
0.288	172
0.288	176
0.288	183
0.288	188
0.289	187
0.289	180
0.289	173
0.289	170
0.289	170
0.289	172
0.289	173
0.289	173
0.289	175
0.289	177
0.289	179
0.29	180
0.29	180
0.29	176
0.29	169
0.29	162
0.29	161
0.29	169
0.29	184
0.29	194
0.29	191
0.291	178
0.291	162
0.291	152
0.291	151
0.291	161
0.291	175
0.291	185
0.291	185
0.291	181
0.292	177
0.292	174
0.292	172
0.292	170
0.292	168
0.292	163
0.292	158
0.292	156
0.292	159
0.292	166
0.292	176
0.293	183
0.293	185
0.293	183
0.293	180
0.293	177
0.293	175
0.293	174
0.293	175
0.293	174
0.294	170
0.294	163
0.294	159
0.294	162
0.294	174
0.294	186
0.294	188
0.294	179
0.294	168
0.294	163
0.294	165
0.295	171
0.295	176
0.295	177
0.295	177
0.295	177
0.295	176
0.295	173
0.295	169
0.295	163
0.296	159
0.296	158
0.296	164
0.296	175
0.296	186
0.296	191
0.296	186
0.296	175
0.296	164
0.296	156
0.296	154
0.297	159
0.297	171
0.297	182
0.297	186
0.297	182
0.297	176
0.297	176
0.297	181
0.297	186
0.298	185
0.298	178
0.298	166
0.298	157
0.298	155
0.298	162
0.298	171
0.298	177
0.298	177
0.298	175
0.299	173
0.299	171
0.299	171
0.299	172
0.299	170
0.299	166
0.299	165
0.299	168
0.299	174
0.299	180
0.299	180
0.3	177
0.3	171
0.3	167
0.3	164
0.3	165
0.3	169
0.3	175
0.3	180
0.3	181
0.301	177
0.301	173
0.301	173
0.301	175
0.301	174
0.301	170
0.301	164
0.301	160
0.301	161
0.301	168
0.301	177
0.302	181
0.302	177
0.302	168
0.302	162
0.302	161
0.302	164
0.302	170
0.302	177
0.302	181
0.303	178
0.303	170
0.303	164
0.303	162
0.303	167
0.303	177
0.303	186
0.303	188
0.303	182
0.303	175
0.303	171
0.304	173
0.304	177
0.304	178
0.304	174
0.304	167
0.304	165
0.304	170
0.304	180
0.304	185
0.305	182
0.305	172
0.305	163
0.305	157
0.305	157
0.305	162
0.305	171
0.305	178
0.305	179
0.305	176
0.306	169
0.306	163
0.306	162
0.306	172
0.306	189
0.306	202
0.306	199
0.306	184
0.306	167
0.306	158
0.306	157
0.307	162
0.307	167
0.307	170
0.307	173
0.307	178
0.307	182
0.307	181
0.307	174
0.307	166
0.308	164
0.308	169
0.308	176
0.308	181
0.308	179
0.308	173
0.308	166
0.308	165
0.308	168
0.308	172
0.308	172
0.309	170
0.309	170
0.309	174
0.309	174
0.309	169
0.309	164
0.309	165
0.309	172
0.309	183
0.31	193
0.31	194
0.31	187
0.31	176
0.31	168
0.31	162
0.31	159
0.31	158
0.31	161
0.31	165
0.31	170
0.311	175
0.311	178
0.311	179
0.311	177
0.311	171
0.311	167
0.311	169
0.311	173
0.311	176
0.312	175
0.312	172
0.312	170
0.312	168
0.312	168
0.312	169
0.312	167
0.312	165
0.312	166
0.312	170
0.313	175
0.313	181
0.313	185
0.313	186
0.313	182
0.313	174
0.313	168
0.313	165
0.313	166
0.313	169
0.313	172
0.314	174
0.314	175
0.314	175
0.314	173
0.314	171
0.314	169
0.314	168
0.314	169
0.314	170
0.315	170
0.315	169
0.315	168
0.315	169
0.315	171
0.315	174
0.315	175
0.315	174
0.315	174
0.315	173
0.315	171
0.316	169
0.316	168
0.316	171
0.316	177
0.316	181
0.316	181
0.316	175
0.316	169
0.316	166
0.317	169
0.317	173
0.317	174
0.317	174
0.317	174
0.317	174
0.317	174
0.317	175
0.317	178
0.317	178
0.317	173
0.318	169
0.318	171
0.318	179
0.318	183
0.318	179
0.318	172
0.318	166
0.318	163
0.318	163
0.319	167
0.319	174
0.319	178
0.319	178
0.319	174
0.319	170
0.319	170
0.319	178
0.319	188
0.319	190
0.319	180
0.32	167
0.32	157
0.32	152
0.32	157
0.32	168
0.32	181
0.32	188
0.32	186
0.32	180
0.32	176
0.321	175
0.321	175
0.321	176
0.321	178
0.321	178
0.321	176
0.321	171
0.321	166
0.321	162
0.322	159
0.322	159
0.322	165
0.322	174
0.322	178
0.322	177
0.322	173
0.322	171
0.322	173
0.322	178
0.322	183
0.323	187
0.323	187
0.323	182
0.323	173
0.323	163
0.323	158
0.323	158
0.323	160
0.323	159
0.324	154
0.324	152
0.324	155
0.324	162
0.324	170
0.324	177
0.324	179
0.324	178
0.324	180
0.324	184
0.324	189
0.325	188
0.325	180
0.325	171
0.325	166
0.325	165
0.325	168
0.325	169
0.325	168
0.325	168
0.326	173
0.326	180
0.326	185
0.326	182
0.326	175
0.326	168
0.326	165
0.326	165
0.326	168
0.326	170
0.326	171
0.327	170
0.327	169
0.327	171
0.327	175
0.327	179
0.327	180
0.327	177
0.327	170
0.327	165
0.327	162
0.328	164
0.328	170
0.328	176
0.328	180
0.328	180
0.328	178
0.328	177
0.328	177
0.328	178
0.329	178
0.329	175
0.329	169
0.329	163
0.329	160
0.329	164
0.329	175
0.329	186
0.329	190
0.329	187
0.329	182
0.33	178
0.33	172
0.33	166
0.33	159
0.33	155
0.33	154
0.33	157
0.33	163
0.33	171
0.331	178
0.331	181
0.331	179
0.331	175
0.331	173
0.331	175
0.331	180
0.331	186
0.331	187
0.331	180
0.331	168
0.332	160
0.332	160
0.332	168
0.332	180
0.332	187
0.332	185
0.332	177
0.332	167
0.332	159
0.333	157
0.333	163
0.333	175
0.333	187
0.333	191
0.333	187
0.333	179
0.333	170
0.333	164
0.333	164
0.333	167
0.334	172
0.334	176
0.334	177
0.334	173
0.334	169
0.334	165
0.334	165
0.334	169
0.334	173
0.335	176
0.335	178
0.335	180
0.335	185
0.335	191
0.335	193
0.335	187
0.335	177
0.335	166
0.335	157
0.336	155
0.336	159
0.336	169
0.336	178
0.336	182
0.336	180
0.336	178
0.336	176
0.336	175
0.336	173
0.336	173
0.337	174
0.337	175
0.337	174
0.337	171
0.337	168
0.337	164
0.337	159
0.337	154
0.337	156
0.338	166
0.338	178
0.338	184
0.338	184
0.338	180
0.338	177
0.338	178
0.338	182
0.338	185
0.338	181
0.338	172
0.339	162
0.339	157
0.339	157
0.339	163
0.339	174
0.339	183
0.339	185
0.339	182
0.339	178
0.34	177
0.34	177
0.34	175
0.34	169
0.34	161
0.34	156
0.34	160
0.34	174
0.34	188
0.34	192
0.34	184
0.341	171
0.341	162
0.341	159
0.341	163
0.341	171
0.341	178
0.341	179
0.341	175
0.341	171
0.342	168
0.342	169
0.342	174
0.342	178
0.342	177
0.342	171
0.342	165
0.342	165
0.342	169
0.342	171
0.343	171
0.343	169
0.343	169
0.343	171
0.343	174
0.343	180
0.343	184
0.343	182
0.343	175
0.343	168
0.343	164
0.344	164
0.344	169
0.344	175
0.344	179
0.344	180
0.344	182
0.344	184
0.344	184
0.344	179
0.345	171
0.345	164
0.345	163
0.345	166
0.345	171
0.345	179
0.345	185
0.345	186
0.345	182
0.345	176
0.345	171
0.346	166
0.346	164
0.346	163
0.346	166
0.346	172
0.346	182
0.346	191
0.346	192
0.346	185
0.347	175
0.347	167
0.347	162
0.347	160
0.347	162
0.347	167
0.347	172
0.347	176
0.347	177
0.347	178
0.347	180
0.348	182
0.348	180
0.348	175
0.348	171
0.348	173
0.348	181
0.348	189
0.348	189
0.348	179
0.349	166
0.349	156
0.349	154
0.349	159
0.349	168
0.349	176
0.349	181
0.349	184
0.349	185
0.349	182
0.35	177
0.35	170
0.35	166
0.35	165
0.35	169
0.35	177
0.35	185
0.35	186
0.35	181
0.35	174
0.35	170
0.351	168
0.351	166
0.351	164
0.351	163
0.351	164
0.351	168
0.351	174
0.351	181
0.351	184
0.352	183
0.352	178
0.352	171
0.352	164
0.352	162
0.352	167
0.352	177
0.352	187
0.352	189
0.352	181
0.352	170
0.353	162
0.353	162
0.353	165
0.353	168
0.353	170
0.353	173
0.353	178
0.353	185
0.353	187
0.354	184
0.354	175
0.354	166
0.354	163
0.354	165
0.354	170
0.354	176
0.354	178
0.354	175
0.354	171
0.354	168
0.355	170
0.355	177
0.355	181
0.355	181
0.355	180
0.355	180
0.355	179
0.355	175
0.355	170
0.356	170
0.356	171
0.356	170
0.356	166
0.356	162
0.356	162
0.356	164
0.356	168
0.356	171
0.356	173
0.357	174
0.357	176
0.357	177
0.357	177
0.357	173
0.357	171
0.357	170
0.357	170
0.357	170
0.357	173
0.357	180
0.358	187
0.358	187
0.358	181
0.358	175
0.358	171
0.358	171
0.358	172
0.358	173
0.358	171
0.359	166
0.359	163
0.359	164
0.359	168
0.359	171
0.359	173
0.359	173
0.359	175
0.359	177
0.359	178
0.359	179
0.36	179
0.36	177
0.36	174
0.36	172
0.36	173
0.36	176
0.36	177
0.36	174
0.36	168
0.361	162
0.361	161
0.361	164
0.361	168
0.361	170
0.361	170
0.361	171
0.361	171
0.361	169
0.361	166
0.361	170
0.362	178
0.362	182
0.362	175
0.362	164
0.362	158
0.362	159
0.362	164
0.362	172
0.362	183
0.363	193
0.363	195
0.363	187
0.363	173
0.363	161
0.363	157
0.363	161
0.363	168
0.363	175
0.363	178
0.363	178
0.364	176
0.364	172
0.364	169
0.364	168
0.364	167
0.364	168
0.364	171
0.364	174
0.364	178
0.364	180
0.365	177
0.365	170
0.365	161
0.365	158
0.365	163
0.365	171
0.365	176
0.365	175
0.365	173
0.366	174
0.366	176
0.366	177
0.366	175
0.366	171
0.366	168
0.366	164
0.366	162
0.366	161
0.366	164
0.366	172
0.367	183
0.367	190
0.367	190
0.367	181
0.367	169
0.367	161
0.367	163
0.367	169
0.367	174
0.368	174
0.368	172
0.368	171
0.368	174
0.368	183
0.368	189
0.368	184
0.368	170
0.368	155
0.368	150
0.368	155
0.369	165
0.369	173
0.369	176
0.369	176
0.369	176
0.369	178
0.369	180
0.369	181
0.369	181
0.37	180
0.37	175
0.37	170
0.37	167
0.37	169
0.37	175
0.37	182
0.37	185
0.37	180
0.37	170
0.37	162
0.371	162
0.371	169
0.371	177
0.371	178
0.371	173
0.371	165
0.371	161
0.371	163
0.371	170
0.371	179
0.372	184
0.372	183
0.372	177
0.372	171
0.372	166
0.372	166
0.372	171
0.372	178
0.372	185
0.373	189
0.373	188
0.373	184
0.373	176
0.373	168
0.373	160
0.373	158
0.373	162
0.373	173
0.373	185
0.373	191
0.374	186
0.374	173
0.374	161
0.374	154
0.374	155
0.374	164
0.374	176
0.374	185
0.374	187
0.375	182
0.375	174
0.375	166
0.375	161
0.375	159
0.375	161
0.375	165
0.375	170
0.375	172
0.375	172
0.375	173
0.376	177
0.376	180
0.376	179
0.376	174
0.376	167
0.376	160
0.376	155
0.376	154
0.376	158
0.377	164
0.377	171
0.377	175
0.377	174
0.377	172
0.377	173
0.377	175
0.377	178
0.377	181
0.377	185
0.377	188
0.378	185
0.378	175
0.378	164
0.378	159
0.378	159
0.378	162
0.378	165
0.378	171
0.378	179
0.379	184
0.379	183
0.379	176
0.379	167
0.379	161
0.379	160
0.379	165
0.379	171
0.379	174
0.379	174
0.38	173
0.38	170
0.38	170
0.38	175
0.38	184
0.38	186
0.38	181
0.38	172
0.38	164
0.38	160
0.38	160
0.381	164
0.381	171
0.381	174
0.381	172
0.381	166
0.381	163
0.381	166
0.381	171
0.381	176
0.382	179
0.382	181
0.382	180
0.382	175
0.382	170
0.382	164
0.382	160
0.382	159
0.382	161
0.382	167
0.382	175
0.383	182
0.383	184
0.383	182
0.383	177
0.383	171
0.383	165
0.383	159
0.383	157
0.383	160
0.384	167
0.384	172
0.384	172
0.384	169
0.384	169
0.384	173
0.384	180
0.384	183
0.384	182
0.384	178
0.384	174
0.385	170
0.385	169
0.385	167
0.385	165
0.385	164
0.385	163
0.385	166
0.385	171
0.385	175
0.386	173
0.386	169
0.386	167
0.386	169
0.386	176
0.386	183
0.386	184
0.386	178
0.386	170
0.386	164
0.387	163
0.387	166
0.387	170
0.387	175
0.387	178
0.387	179
0.387	175
0.387	169
0.387	165
0.387	167
0.387	175
0.388	182
0.388	184
0.388	179
0.388	173
0.388	169
0.388	170
0.388	171
0.388	171
0.388	170
0.389	170
0.389	174
0.389	181
0.389	189
0.389	193
0.389	190
0.389	180
0.389	168
0.389	158
0.389	154
0.389	157
0.39	165
0.39	172
0.39	175
0.39	174
0.39	171
0.39	171
0.39	173
0.39	177
0.39	181
0.391	182
0.391	178
0.391	170
0.391	162
0.391	159
0.391	162
0.391	171
0.391	181
0.391	184
0.391	180
0.391	173
0.392	169
0.392	168
0.392	169
0.392	172
0.392	177
0.392	180
0.392	180
0.392	176
0.392	169
0.393	163
0.393	160
0.393	161
0.393	166
0.393	173
0.393	180
0.393	185
0.393	186
0.393	183
0.393	177
0.394	168
0.394	159
0.394	155
0.394	159
0.394	169
0.394	180
0.394	186
0.394	185
0.394	182
0.394	176
0.394	171
0.395	169
0.395	170
0.395	173
0.395	175
0.395	175
0.395	172
0.395	167
0.395	166
0.395	170
0.396	178
0.396	184
0.396	182
0.396	175
0.396	169
0.396	166
0.396	165
0.396	164
0.396	166
0.396	168
0.396	170
0.397	173
0.397	181
0.397	191
0.397	196
0.397	193
0.397	181
0.397	168
0.397	159
0.397	159
0.398	168
0.398	181
0.398	189
0.398	189
0.398	185
0.398	177
0.398	164
0.398	150
0.398	141
0.398	143
0.398	155
0.399	170
0.399	181
0.399	187
0.399	190
0.399	191
0.399	189
0.399	181
0.399	172
0.399	165
0.4	162
0.4	162
0.4	164
0.4	167
0.4	171
0.4	174
0.4	174
0.4	171
0.4	169
0.4	170
0.401	173
0.401	176
0.401	176
0.401	174
0.401	173
0.401	174
0.401	175
0.401	173
0.401	170
0.401	168
0.401	171
0.402	176
0.402	183
0.402	185
0.402	181
0.402	175
0.402	171
0.402	171
0.402	173
0.402	177
0.403	181
0.403	180
0.403	175
0.403	171
0.403	169
0.403	169
0.403	169
0.403	167
0.403	165
0.403	163
0.403	162
0.404	162
0.404	166
0.404	175
0.404	185
0.404	188
0.404	182
0.404	171
0.404	161
0.404	156
0.405	159
0.405	166
0.405	171
0.405	174
0.405	172
0.405	168
0.405	167
0.405	175
0.405	187
0.405	197
0.405	198
0.406	192
0.406	182
0.406	171
0.406	159
0.406	153
0.406	152
0.406	156
0.406	161
0.406	169
0.407	179
0.407	188
0.407	191
0.407	188
0.407	178
0.407	166
0.407	158
0.407	157
0.407	166
0.407	179
0.407	186
0.408	182
0.408	174
0.408	166
0.408	161
0.408	160
0.408	161
0.408	166
0.408	169
0.408	169
0.408	170
0.409	174
0.409	180
0.409	186
0.409	188
0.409	187
0.409	181
0.409	171
0.409	162
0.409	159
0.41	163
0.41	171
0.41	178
0.41	180
0.41	177
0.41	172
0.41	170
0.41	172
0.41	176
0.41	177
0.41	174
0.411	170
0.411	167
0.411	164
0.411	162
0.411	162
0.411	168
0.411	180
0.411	190
0.411	190
0.412	183
0.412	174
0.412	168
0.412	162
0.412	156
0.412	152
0.412	154
0.412	162
0.412	174
0.412	184
0.412	187
0.413	182
0.413	174
0.413	171
0.413	177
0.413	185
0.413	189
0.413	185
0.413	177
0.413	168
0.414	162
0.414	161
0.414	163
0.414	168
0.414	173
0.414	177
0.414	178
0.414	178
0.414	175
0.414	171
0.414	166
0.415	164
0.415	170
0.415	183
0.415	194
0.415	193
0.415	183
0.415	169
0.415	158
0.415	152
0.415	151
0.416	159
0.416	173
0.416	187
0.416	190
0.416	182
0.416	169
0.416	159
0.416	158
0.416	165
0.417	174
0.417	179
0.417	176
0.417	170
0.417	166
0.417	167
0.417	170
0.417	174
0.417	181
0.417	186
0.417	183
0.418	175
0.418	169
0.418	168
0.418	172
0.418	176
0.418	177
0.418	174
0.418	170
0.418	168
0.419	168
0.419	168
0.419	167
0.419	166
0.419	170
0.419	178
0.419	186
0.419	189
0.419	185
0.419	177
0.419	168
0.42	162
0.42	162
0.42	167
0.42	175
0.42	182
0.42	186
0.42	185
0.42	181
0.42	175
0.421	168
0.421	164
0.421	165
0.421	169
0.421	175
0.421	179
0.421	180
0.421	179
0.421	175
0.421	171
0.421	166
0.422	160
0.422	156
0.422	156
0.422	162
0.422	170
0.422	176
0.422	179
0.422	181
0.422	181
0.423	178
0.423	172
0.423	166
0.423	163
0.423	163
0.423	167
0.423	175
0.423	181
0.423	182
0.423	178
0.424	171
0.424	168
0.424	168
0.424	171
0.424	172
0.424	172
0.424	172
0.424	173
0.424	175
0.424	173
0.424	169
0.425	166
0.425	167
0.425	171
0.425	174
0.425	175
0.425	175
0.425	175
0.425	176
0.425	175
0.426	172
0.426	166
0.426	159
0.426	155
0.426	156
0.426	162
0.426	171
0.426	180
0.426	187
0.426	190
0.426	187
0.427	185
0.427	184
0.427	180
0.427	171
0.427	160
0.427	152
0.427	151
0.427	159
0.427	176
0.428	192
0.428	199
0.428	193
0.428	179
0.428	166
0.428	158
0.428	154
0.428	155
0.428	158
0.428	161
0.428	165
0.429	175
0.429	189
0.429	197
0.429	193
0.429	180
0.429	168
0.429	161
0.429	158
0.429	159
0.43	164
0.43	171
0.43	177
0.43	182
0.43	186
0.43	185
0.43	179
0.43	170
0.43	164
0.43	163
0.431	166
0.431	171
0.431	178
0.431	183
0.431	184
0.431	180
0.431	175
0.431	172
0.431	176
0.431	185
0.431	193
0.432	193
0.432	182
0.432	169
0.432	158
0.432	153
0.432	155
0.432	164
0.432	174
0.432	176
0.433	171
0.433	166
0.433	169
0.433	179
0.433	187
0.433	187
0.433	178
0.433	169
0.433	165
0.433	165
0.433	168
0.434	172
0.434	178
0.434	180
0.434	178
0.434	175
0.434	172
0.434	171
0.434	169
0.434	166
0.435	164
0.435	163
0.435	164
0.435	168
0.435	175
0.435	182
0.435	183
0.435	181
0.435	179
0.435	178
0.435	176
0.436	173
0.436	173
0.436	173
0.436	172
0.436	168
0.436	164
0.436	166
0.436	174
0.436	180
0.437	182
0.437	181
0.437	180
0.437	178
0.437	173
0.437	169
0.437	166
0.437	164
0.437	163
0.437	161
0.438	159
0.438	159
0.438	165
0.438	178
0.438	189
0.438	190
0.438	183
0.438	174
0.438	169
0.438	169
0.438	171
0.439	173
0.439	175
0.439	173
0.439	167
0.439	161
0.439	159
0.439	163
0.439	171
0.439	178
0.44	179
0.44	175
0.44	170
0.44	169
0.44	172
0.44	177
0.44	178
0.44	176
0.44	170
0.44	164
0.44	162
0.441	166
0.441	173
0.441	182
0.441	188
0.441	187
0.441	184
0.441	182
0.441	180
0.441	173
0.442	162
0.442	153
0.442	151
0.442	159
0.442	175
0.442	192
0.442	198
0.442	191
0.442	178
0.442	165
0.442	157
0.443	155
0.443	157
0.443	162
0.443	167
0.443	169
0.443	170
0.443	171
0.443	176
0.443	184
0.444	191
0.444	194
0.444	191
0.444	182
0.444	172
0.444	164
0.444	159
0.444	158
0.444	159
0.444	161
0.444	166
0.445	175
0.445	186
0.445	193
0.445	192
0.445	183
0.445	175
0.445	171
0.445	170
0.445	168
0.445	167
0.446	167
0.446	167
0.446	165
0.446	161
0.446	158
0.446	160
0.446	166
0.446	170
0.446	172
0.447	171
0.447	172
0.447	174
0.447	175
0.447	171
0.447	170
0.447	173
0.447	180
0.447	184
0.447	182
0.447	174
0.448	169
0.448	171
0.448	180
0.448	190
0.448	191
0.448	182
0.448	168
0.448	157
0.448	153
0.449	156
0.449	163
0.449	170
0.449	175
0.449	178
0.449	179
0.449	179
0.449	177
0.449	174
0.449	171
0.449	171
0.45	172
0.45	175
0.45	179
0.45	180
0.45	178
0.45	173
0.45	169
0.45	165
0.45	161
0.451	157
0.451	159
0.451	167
0.451	177
0.451	184
0.451	187
0.451	187
0.451	184
0.451	178
0.451	170
0.451	160
0.452	152
0.452	149
0.452	152
0.452	161
0.452	171
0.452	180
0.452	184
0.452	188
0.452	193
0.452	193
0.453	185
0.453	172
0.453	159
0.453	153
0.453	156
0.453	168
0.453	180
0.453	184
0.453	178
0.454	169
0.454	165
0.454	164
0.454	165
0.454	165
0.454	167
0.454	172
0.454	176
0.454	178
0.454	179
0.454	179
0.455	178
0.455	176
0.455	172
0.455	168
0.455	165
0.455	166
0.455	171
0.455	175
0.455	175
0.456	172
0.456	169
0.456	170
0.456	172
0.456	173
0.456	169
0.456	164
0.456	163
0.456	167
0.456	176
0.456	185
0.457	187
0.457	184
0.457	180
0.457	181
0.457	184
0.457	186
0.457	183
0.457	176
0.457	170
0.458	166
0.458	165
0.458	167
0.458	169
0.458	171
0.458	172
0.458	171
0.458	169
0.458	169
0.458	171
0.458	173
0.459	172
0.459	169
0.459	168
0.459	168
0.459	168
0.459	168
0.459	170
0.459	171
0.459	172
0.46	174
0.46	179
0.46	187
0.46	189
0.46	182
0.46	170
0.46	161
0.46	159
0.46	166
0.46	177
0.461	184
0.461	182
0.461	176
0.461	170
0.461	169
0.461	172
0.461	174
0.461	173
0.461	169
0.461	164
0.461	161
0.462	161
0.462	164
0.462	172
0.462	181
0.462	186
0.462	186
0.462	182
0.462	175
0.462	168
0.463	163
0.463	162
0.463	167
0.463	177
0.463	189
0.463	196
0.463	194
0.463	181
0.463	166
0.463	154
0.463	150
0.464	155
0.464	168
0.464	183
0.464	191
0.464	185
0.464	173
0.464	162
0.464	159
0.464	161
0.465	166
0.465	174
0.465	181
0.465	181
0.465	176
0.465	172
0.465	175
0.465	182
0.465	186
0.465	183
0.465	174
0.466	164
0.466	161
0.466	164
0.466	176
0.466	190
0.466	198
0.466	195
0.466	184
0.466	171
0.467	163
0.467	158
0.467	158
0.467	161
0.467	166
0.467	172
0.467	177
0.467	178
0.467	175
0.467	169
0.468	166
0.468	166
0.468	168
0.468	169
0.468	172
0.468	176
0.468	179
0.468	180
0.468	180
0.468	175
0.468	169
0.469	163
0.469	162
0.469	164
0.469	169
0.469	173
0.469	174
0.469	173
0.469	170
0.469	170
0.47	174
0.47	178
0.47	178
0.47	171
0.47	163
0.47	156
0.47	154
0.47	157
0.47	167
0.47	177
0.47	181
0.471	177
0.471	166
0.471	157
0.471	157
0.471	165
0.471	175
0.471	182
0.471	183
0.471	182
0.472	179
0.472	175
0.472	168
0.472	162
0.472	160
0.472	165
0.472	177
0.472	187
0.472	193
0.472	194
0.472	190
0.473	183
0.473	174
0.473	165
0.473	159
0.473	157
0.473	160
0.473	165
0.473	169
0.473	170
0.474	167
0.474	164
0.474	163
0.474	166
0.474	172
0.474	177
0.474	178
0.474	177
0.474	176
0.474	177
0.475	177
0.475	175
0.475	172
0.475	166
0.475	162
0.475	163
0.475	166
0.475	168
0.475	170
0.475	176
0.475	186
0.476	194
0.476	191
0.476	180
0.476	167
0.476	159
0.476	158
0.476	162
0.476	167
0.476	172
0.477	177
0.477	180
0.477	179
0.477	177
0.477	174
0.477	173
0.477	173
0.477	173
0.477	173
0.477	174
0.477	173
0.478	173
0.478	175
0.478	178
0.478	180
0.478	176
0.478	171
0.478	169
0.478	170
0.478	173
0.479	175
0.479	175
0.479	175
0.479	172
0.479	169
0.479	167
0.479	166
0.479	166
0.479	167
0.479	169
0.479	173
0.48	177
0.48	179
0.48	178
0.48	175
0.48	171
0.48	170
0.48	170
0.48	170
0.48	169
0.481	168
0.481	168
0.481	173
0.481	178
0.481	182
0.481	181
0.481	177
0.481	170
0.481	163
0.481	158
0.482	159
0.482	165
0.482	171
0.482	175
0.482	180
0.482	188
0.482	194
0.482	193
0.482	183
0.482	170
0.482	159
0.483	153
0.483	154
0.483	163
0.483	177
0.483	187
0.483	189
0.483	185
0.483	181
0.483	177
0.484	173
0.484	167
0.484	162
0.484	162
0.484	168
0.484	176
0.484	182
0.484	180
0.484	172
0.484	164
0.484	162
0.485	169
0.485	178
0.485	184
0.485	182
0.485	175
0.485	169
0.485	164
0.485	161
0.485	162
0.486	165
0.486	170
0.486	173
0.486	179
0.486	188
0.486	197
0.486	200
0.486	193
0.486	183
0.486	173
0.486	166
0.487	163
0.487	163
0.487	165
0.487	169
0.487	174
0.487	176
0.487	173
0.487	166
0.487	161
0.488	162
0.488	168
0.488	175
0.488	177
0.488	176
0.488	173
0.488	171
0.488	168
0.488	167
0.488	168
0.488	170
0.489	172
0.489	174
0.489	177
0.489	180
0.489	182
0.489	182
0.489	179
0.489	174
0.489	169
0.489	166
0.49	167
0.49	171
0.49	174
0.49	174
0.49	171
0.49	167
0.49	165
0.49	166
0.49	171
0.491	177
0.491	180
0.491	178
0.491	172
0.491	166
0.491	163
0.491	163
0.491	166
0.491	170
0.491	171
0.491	173
0.492	177
0.492	182
0.492	185
0.492	184
0.492	176
0.492	167
0.492	159
0.492	159
0.492	165
0.493	175
0.493	182
0.493	183
0.493	180
0.493	175
0.493	169
0.493	162
0.493	157
0.493	159
0.493	169
0.493	181
0.494	189
0.494	185
0.494	174
0.494	164
0.494	163
0.494	173
0.494	183
0.494	185
0.494	178
0.495	172
0.495	169
0.495	168
0.495	168
0.495	168
0.495	170
0.495	173
0.495	175
0.495	173
0.495	171
0.495	172
0.496	175
0.496	180
0.496	185
0.496	187
0.496	182
0.496	173
0.496	164
0.496	156
0.496	154
0.496	155
0.497	160
0.497	166
0.497	173
0.497	181
0.497	188
0.497	190
0.497	188
0.497	183
0.497	178
0.498	175
0.498	174
0.498	171
0.498	164
0.498	157
0.498	154
0.498	157
0.498	167
0.498	178
0.498	187
0.498	189
0.499	188
0.499	184
0.499	178
0.499	171
0.499	165
0.499	165
0.499	171
0.499	177
0.499	179
0.5	175
0.5	170
0.5	164
0.5	160
0.5	157
0.5	159
0.5	168
0.5	182
0.5	194
0.5	198
0.501	189
0.501	174
0.501	162
0.501	157
0.501	161
0.501	171
0.501	180
0.501	184
0.501	187
0.501	187
0.502	182
0.502	172
0.502	161
0.502	154
0.502	153
0.502	155
0.502	162
0.502	169
0.502	174
0.502	177
0.502	177
0.503	177
0.503	177
0.503	175
0.503	170
0.503	164
0.503	160
0.503	162
0.503	169
0.503	177
0.503	181
0.504	180
0.504	176
0.504	171
0.504	169
0.504	168
0.504	170
0.504	178
0.504	190
0.504	200
0.504	202
0.505	191
0.505	175
0.505	162
0.505	156
0.505	154
0.505	154
0.505	160
0.505	172
0.505	185
0.506	191
0.506	186
0.506	176
0.506	168
0.506	167
0.506	171
0.506	177
0.506	179
0.506	177
0.506	171
0.507	164
0.507	159
0.507	157
0.507	159
0.507	164
0.507	173
0.507	180
0.507	183
0.507	180
0.507	174
0.507	170
0.508	170
0.508	175
0.508	180
0.508	181
0.508	178
0.508	173
0.508	168
0.508	167
0.508	170
0.508	173
0.509	177
0.509	179
0.509	177
0.509	172
0.509	169
0.509	171
0.509	177
0.509	180
0.509	177
0.51	174
0.51	173
0.51	173
0.51	174
0.51	174
0.51	172
0.51	171
0.51	171
0.51	175
0.51	181
0.511	185
0.511	181
0.511	173
0.511	166
0.511	164
0.511	163
0.511	160
0.511	157
0.511	155
0.511	157
0.512	162
0.512	171
0.512	183
0.512	194
0.512	201
0.512	200
0.512	191
0.512	178
0.512	163
0.512	150
0.512	142
0.513	141
0.513	148
0.513	161
0.513	177
0.513	187
0.513	189
0.513	185
0.513	180
0.513	177
0.513	175
0.514	171
0.514	165
0.514	163
0.514	166
0.514	171
0.514	173
0.514	174
0.514	175
0.514	177
0.515	176
0.515	172
0.515	168
0.515	169
0.515	178
0.515	187
0.515	187
0.515	178
0.515	168
0.515	162
0.516	160
0.516	158
0.516	155
0.516	155
0.516	162
0.516	177
0.516	191
0.516	194
0.516	186
0.516	174
0.516	166
0.517	163
0.517	164
0.517	166
0.517	168
0.517	172
0.517	176
0.517	177
0.517	176
0.517	176
0.517	178
0.518	181
0.518	181
0.518	178
0.518	173
0.518	166
0.518	160
0.518	158
0.518	162
0.518	170
0.518	176
0.519	175
0.519	169
0.519	164
0.519	162
0.519	163
0.519	164
0.519	170
0.519	182
0.519	194
0.52	198
0.52	188
0.52	171
0.52	156
0.52	150
0.52	153
0.52	163
0.52	175
0.52	185
0.52	191
0.521	194
0.521	192
0.521	186
0.521	176
0.521	166
0.521	158
0.521	153
0.521	153
0.521	160
0.521	172
0.521	180
0.522	182
0.522	180
0.522	178
0.522	174
0.522	169
0.522	167
0.522	170
0.522	175
0.522	178
0.522	178
0.523	176
0.523	174
0.523	172
0.523	172
0.523	174
0.523	175
0.523	173
0.523	172
0.523	173
0.524	176
0.524	178
0.524	177
0.524	174
0.524	171
0.524	168
0.524	165
0.524	162
0.524	164
0.524	171
0.525	180
0.525	183
0.525	179
0.525	171
0.525	163
0.525	158
0.525	157
0.525	162
0.525	173
0.525	183
0.526	189
0.526	192
0.526	193
0.526	192
0.526	186
0.526	176
0.526	166
0.526	160
0.526	159
0.526	163
0.526	171
0.527	176
0.527	174
0.527	170
0.527	169
0.527	170
0.527	171
0.527	172
0.527	173
0.527	173
0.527	169
0.528	163
0.528	158
0.528	159
0.528	166
0.528	177
0.528	183
0.528	182
0.528	175
0.528	169
0.529	168
0.529	172
0.529	177
0.529	181
0.529	180
0.529	175
0.529	169
0.529	168
0.529	174
0.529	183
0.53	188
0.53	185
0.53	178
0.53	172
0.53	168
0.53	166
0.53	163
0.53	164
0.53	168
0.53	171
0.53	170
0.531	167
0.531	166
0.531	168
0.531	170
0.531	167
0.531	162
0.531	160
0.531	164
0.531	172
0.531	180
0.532	184
0.532	183
0.532	177
0.532	169
0.532	163
0.532	162
0.532	167
0.532	173
0.532	176
0.533	176
0.533	175
0.533	176
0.533	176
0.533	175
0.533	172
0.533	168
0.533	167
0.533	169
0.533	175
0.534	180
0.534	181
0.534	180
0.534	180
0.534	182
0.534	182
0.534	178
0.534	173
0.534	170
0.534	169
0.535	168
0.535	166
0.535	165
0.535	167
0.535	172
0.535	179
0.535	184
0.535	186
0.535	183
0.535	179
0.535	175
0.536	173
0.536	173
0.536	172
0.536	171
0.536	169
0.536	167
0.536	166
0.536	167
0.536	172
0.536	177
0.537	180
0.537	181
0.537	180
0.537	177
0.537	170
0.537	162
0.537	155
0.537	153
0.537	158
0.538	168
0.538	180
0.538	187
0.538	185
0.538	176
0.538	166
0.538	163
0.538	164
0.538	165
0.538	168
0.539	176
0.539	185
0.539	187
0.539	179
0.539	168
0.539	160
0.539	159
0.539	166
0.539	177
0.539	184
0.539	182
0.54	174
0.54	168
0.54	168
0.54	171
0.54	175
0.54	178
0.54	179
0.54	180
0.54	178
0.54	175
0.541	170
0.541	166
0.541	164
0.541	163
0.541	164
0.541	166
0.541	169
0.541	173
0.541	178
0.541	182
0.542	185
0.542	184
0.542	179
0.542	173
0.542	167
0.542	165
0.542	164
0.542	164
0.542	165
0.543	168
0.543	172
0.543	174
0.543	173
0.543	171
0.543	171
0.543	174
0.543	176
0.543	175
0.543	170
0.544	163
0.544	161
0.544	167
0.544	176
0.544	180
0.544	177
0.544	174
0.544	178
0.544	183
0.544	180
0.544	170
0.545	159
0.545	154
0.545	158
0.545	170
0.545	186
0.545	195
0.545	192
0.545	180
0.545	169
0.545	163
0.546	163
0.546	168
0.546	176
0.546	182
0.546	181
0.546	175
0.546	166
0.546	161
0.546	162
0.547	168
0.547	174
0.547	177
0.547	173
0.547	169
0.547	170
0.547	175
0.547	180
0.547	181
0.547	176
0.548	171
0.548	170
0.548	171
0.548	172
0.548	170
0.548	168
0.548	172
0.548	183
0.548	192
0.548	191
0.549	178
0.549	162
0.549	151
0.549	149
0.549	159
0.549	177
0.549	191
0.549	195
0.549	188
0.549	177
0.549	168
0.55	162
0.55	159
0.55	157
0.55	159
0.55	164
0.55	172
0.55	180
0.55	185
0.55	184
0.55	180
0.551	175
0.551	173
0.551	171
0.551	168
0.551	165
0.551	164
0.551	166
0.551	171
0.551	175
0.552	178
0.552	182
0.552	185
0.552	186
0.552	180
0.552	171
0.552	162
0.552	157
0.552	158
0.552	165
0.553	176
0.553	185
0.553	187
0.553	181
0.553	170
0.553	158
0.553	149
0.553	146
0.553	152
0.553	164
0.553	178
0.554	188
0.554	191
0.554	190
0.554	185
0.554	179
0.554	173
0.554	169
0.554	166
0.554	163
0.554	161
0.555	163
0.555	171
0.555	184
0.555	193
0.555	191
0.555	180
0.555	168
0.555	161
0.555	161
0.555	168
0.556	177
0.556	182
0.556	179
0.556	172
0.556	168
0.556	168
0.556	171
0.556	171
0.556	167
0.557	164
0.557	166
0.557	174
0.557	183
0.557	186
0.557	181
0.557	172
0.557	163
0.557	158
0.557	161
0.558	173
0.558	189
0.558	199
0.558	196
0.558	184
0.558	168
0.558	155
0.558	149
0.558	154
0.558	164
0.558	175
0.559	181
0.559	182
0.559	180
0.559	178
0.559	173
0.559	167
0.559	163
0.559	163
0.559	166
0.559	169
0.56	173
0.56	178
0.56	181
0.56	183
0.56	185
0.56	185
0.56	184
0.56	177
0.56	166
0.561	157
0.561	154
0.561	157
0.561	162
0.561	168
0.561	176
0.561	183
0.561	184
0.561	180
0.561	173
0.562	168
0.562	168
0.562	173
0.562	177
0.562	180
0.562	182
0.562	183
0.562	182
0.562	180
0.562	175
0.563	169
0.563	165
0.563	166
0.563	170
0.563	171
0.563	169
0.563	164
0.563	162
0.563	164
0.563	169
0.563	175
0.564	179
0.564	184
0.564	188
0.564	191
0.564	189
0.564	183
0.564	174
0.564	166
0.564	161
0.564	163
0.565	169
0.565	174
0.565	175
0.565	173
0.565	173
0.565	177
0.565	184
0.565	186
0.565	180
0.566	173
0.566	167
0.566	164
0.566	160
0.566	158
0.566	159
0.566	162
0.566	168
0.566	173
0.566	175
0.567	174
0.567	174
0.567	177
0.567	180
0.567	181
0.567	178
0.567	172
0.567	169
0.567	173
0.567	181
0.567	187
0.568	185
0.568	177
0.568	165
0.568	156
0.568	156
0.568	165
0.568	177
0.568	185
0.568	184
0.568	181
0.569	178
0.569	174
0.569	168
0.569	162
0.569	159
0.569	161
0.569	168
0.569	176
0.569	181
0.57	182
0.57	178
0.57	173
0.57	168
0.57	165
0.57	167
0.57	171
0.57	177
0.57	179
0.57	175
0.571	171
0.571	170
0.571	171
0.571	172
0.571	171
0.571	169
0.571	170
0.571	174
0.571	180
0.571	183
0.572	180
0.572	173
0.572	166
0.572	162
0.572	161
0.572	163
0.572	166
0.572	169
0.572	170
0.572	171
0.572	175
0.573	182
0.573	188
0.573	187
0.573	178
0.573	167
0.573	159
0.573	159
0.573	165
0.573	173
0.573	177
0.574	177
0.574	176
0.574	177
0.574	180
0.574	184
0.574	183
0.574	177
0.574	168
0.574	159
0.575	154
0.575	157
0.575	166
0.575	178
0.575	186
0.575	188
0.575	184
0.575	178
0.575	171
0.575	165
0.576	161
0.576	161
0.576	166
0.576	175
0.576	182
0.576	185
0.576	180
0.576	172
0.576	164
0.576	161
0.576	163
0.577	170
0.577	177
0.577	180
0.577	180
0.577	178
0.577	177
0.577	175
0.577	172
0.577	169
0.577	168
0.578	169
0.578	173
0.578	179
0.578	184
0.578	184
0.578	176
0.578	165
0.578	157
0.578	156
0.578	163
0.579	174
0.579	184
0.579	189
0.579	188
0.579	182
0.579	175
0.579	169
0.579	166
0.579	164
0.58	162
0.58	164
0.58	172
0.58	181
0.58	185
0.58	183
0.58	178
0.58	173
0.58	170
0.58	166
0.581	166
0.581	170
0.581	177
0.581	183
0.581	183
0.581	179
0.581	174
0.581	169
0.581	164
0.581	162
0.581	162
0.582	166
0.582	171
0.582	178
0.582	182
0.582	181
0.582	177
0.582	171
0.582	166
0.582	165
0.582	169
0.583	176
0.583	181
0.583	178
0.583	171
0.583	166
0.583	167
0.583	171
0.583	175
0.583	176
0.584	176
0.584	177
0.584	180
0.584	182
0.584	179
0.584	173
0.584	166
0.584	160
0.584	157
0.584	159
0.585	165
0.585	175
0.585	183
0.585	186
0.585	184
0.585	180
0.585	176
0.585	172
0.585	167
0.585	163
0.586	163
0.586	169
0.586	176
0.586	180
0.586	181
0.586	180
0.586	178
0.586	172
0.586	167
0.586	166
0.586	171
0.587	175
0.587	177
0.587	177
0.587	175
0.587	175
0.587	174
0.587	173
0.587	169
0.587	165
0.587	163
0.588	162
0.588	162
0.588	161
0.588	159
0.588	161
0.588	166
0.588	174
0.588	179
0.588	179
0.589	174
0.589	167
0.589	164
0.589	165
0.589	173
0.589	182
0.589	188
0.589	187
0.589	179
0.589	170
0.59	164
0.59	162
0.59	163
0.59	166
0.59	172
0.59	180
0.59	183
0.59	180
0.59	174
0.59	168
0.59	164
0.591	165
0.591	167
0.591	168
0.591	168
0.591	171
0.591	177
0.591	184
0.591	188
0.591	186
0.591	180
0.592	175
0.592	171
0.592	168
0.592	165
0.592	162
0.592	164
0.592	169
0.592	173
0.592	171
0.592	166
0.593	161
0.593	159
0.593	161
0.593	169
0.593	178
0.593	184
0.593	186
0.593	185
0.593	182
0.594	176
0.594	170
0.594	165
0.594	164
0.594	169
0.594	176
0.594	182
0.594	182
0.594	179
0.594	176
0.595	174
0.595	173
0.595	173
0.595	173
0.595	176
0.595	181
0.595	186
0.595	187
0.595	181
0.595	171
0.595	161
0.596	156
0.596	155
0.596	159
0.596	164
0.596	170
0.596	177
0.596	184
0.596	188
0.596	188
0.596	183
0.597	175
0.597	166
0.597	161
0.597	162
0.597	169
0.597	182
0.597	194
0.597	195
0.597	185
0.598	171
0.598	162
0.598	159
0.598	162
0.598	169
0.598	175
0.598	181
0.598	185
0.598	187
0.598	184
0.599	179
0.599	172
0.599	164
0.599	158
0.599	159
0.599	167
0.599	176
0.599	178
0.599	174
0.599	169
0.6	165
0.6	165
0.6	164
0.6	163
0.6	165
0.6	170
0.6	177
0.6	178
0.6	175
0.6	173
0.6	176
0.601	180
0.601	179
0.601	171
0.601	162
0.601	157
0.601	158
0.601	165
0.601	172
0.601	178
0.601	181
0.602	182
0.602	180
0.602	175
0.602	171
0.602	168
0.602	167
0.602	168
0.602	170
0.602	170
0.603	169
0.603	167
0.603	168
0.603	170
0.603	173
0.603	178
0.603	181
0.603	179
0.603	175
0.603	171
0.604	170
0.604	170
0.604	170
0.604	173
0.604	177
0.604	180
0.604	180
0.604	175
0.604	169
0.604	165
0.604	164
0.605	166
0.605	170
0.605	176
0.605	180
0.605	181
0.605	177
0.605	170
0.605	164
0.605	161
0.605	164
0.606	174
0.606	182
0.606	184
0.606	178
0.606	172
0.606	168
0.606	169
0.606	172
0.606	176
0.607	177
0.607	174
0.607	169
0.607	168
0.607	170
0.607	172
0.607	173
0.607	176
0.607	179
0.607	182
0.608	182
0.608	180
0.608	176
0.608	171
0.608	171
0.608	174
0.608	177
0.608	175
0.608	170
0.608	166
0.609	167
0.609	170
0.609	171
0.609	169
0.609	169
0.609	173
0.609	180
0.609	183
0.609	177
0.609	168
0.609	165
0.61	169
0.61	176
0.61	181
0.61	185
0.61	186
0.61	183
0.61	178
0.61	172
0.61	168
0.61	165
0.611	163
0.611	164
0.611	167
0.611	171
0.611	173
0.611	174
0.611	174
0.611	172
0.611	170
0.612	169
0.612	170
0.612	173
0.612	173
0.612	170
0.612	168
0.612	168
0.612	168
0.612	170
0.612	172
0.613	175
0.613	176
0.613	170
0.613	163
0.613	161
0.613	166
0.613	179
0.613	193
0.613	200
0.613	194
0.613	182
0.614	170
0.614	161
0.614	158
0.614	160
0.614	167
0.614	174
0.614	176
0.614	174
0.614	169
0.614	166
0.615	163
0.615	161
0.615	163
0.615	171
0.615	181
0.615	187
0.615	185
0.615	179
0.615	171
0.615	163
0.616	156
0.616	153
0.616	155
0.616	162
0.616	168
0.616	172
0.616	175
0.616	180
0.616	185
0.617	187
0.617	184
0.617	179
0.617	176
0.617	175
0.617	173
0.617	169
0.617	166
0.617	168
0.617	176
0.618	185
0.618	189
0.618	185
0.618	175
0.618	166
0.618	163
0.618	166
0.618	170
0.618	175
0.618	179
0.618	184
0.619	185
0.619	182
0.619	173
0.619	166
0.619	162
0.619	163
0.619	166
0.619	170
0.619	174
0.619	176
0.62	174
0.62	171
0.62	171
0.62	175
0.62	179
0.62	181
0.62	180
0.62	181
0.62	184
0.621	183
0.621	178
0.621	171
0.621	164
0.621	161
0.621	164
0.621	171
0.621	177
0.621	178
0.621	175
0.622	173
0.622	172
0.622	170
0.622	166
0.622	164
0.622	164
0.622	164
0.622	167
0.622	173
0.622	180
0.623	185
0.623	185
0.623	179
0.623	172
0.623	169
0.623	170
0.623	174
0.623	178
0.623	180
0.623	182
0.623	181
0.624	179
0.624	177
0.624	175
0.624	172
0.624	167
0.624	164
0.624	164
0.624	168
0.624	171
0.624	170
0.625	168
0.625	169
0.625	172
0.625	173
0.625	171
0.625	167
0.625	166
0.625	169
0.625	176
0.626	181
0.626	182
0.626	180
0.626	181
0.626	181
0.626	179
0.626	172
0.626	164
0.626	158
0.626	156
0.627	161
0.627	171
0.627	181
0.627	185
0.627	180
0.627	172
0.627	165
0.627	162
0.627	166
0.627	175
0.627	187
0.628	193
0.628	186
0.628	173
0.628	162
0.628	157
0.628	157
0.628	162
0.628	168
0.628	173
0.628	176
0.629	177
0.629	178
0.629	180
0.629	183
0.629	178
0.629	168
0.629	159
0.629	158
0.629	165
0.629	176
0.63	183
0.63	183
0.63	179
0.63	174
0.63	171
0.63	170
0.63	172
0.63	175
0.63	179
0.631	180
0.631	177
0.631	171
0.631	164
0.631	159
0.631	162
0.631	170
0.631	180
0.631	185
0.631	186
0.632	182
0.632	178
0.632	174
0.632	170
0.632	166
0.632	162
0.632	161
0.632	165
0.632	172
0.632	179
0.632	181
0.633	177
0.633	170
0.633	166
0.633	168
0.633	175
0.633	181
0.633	182
0.633	180
0.633	175
0.633	171
0.634	169
0.634	167
0.634	166
0.634	165
0.634	165
0.634	166
0.634	168
0.634	173
0.634	178
0.635	180
0.635	177
0.635	173
0.635	171
0.635	171
0.635	169
0.635	167
0.635	168
0.635	171
0.635	173
0.636	172
0.636	170
0.636	171
0.636	173
0.636	175
0.636	175
0.636	177
0.636	181
0.636	184
0.636	181
0.637	173
0.637	164
0.637	162
0.637	168
0.637	178
0.637	186
0.637	189
0.637	185
0.637	177
0.637	167
0.637	158
0.638	152
0.638	152
0.638	164
0.638	181
0.638	192
0.638	187
0.638	172
0.638	160
0.638	157
0.638	162
0.639	174
0.639	187
0.639	196
0.639	196
0.639	187
0.639	173
0.639	161
0.639	154
0.639	153
0.64	159
0.64	166
0.64	172
0.64	178
0.64	182
0.64	184
0.64	182
0.64	176
0.64	168
0.64	163
0.641	162
0.641	165
0.641	170
0.641	175
0.641	177
0.641	173
0.641	165
0.641	160
0.641	162
0.641	171
0.641	175
0.642	171
0.642	166
0.642	166
0.642	170
0.642	176
0.642	185
0.642	194
0.642	196
0.642	187
0.642	170
0.643	155
0.643	151
0.643	160
0.643	177
0.643	187
0.643	184
0.643	174
0.643	164
0.643	162
0.643	165
0.644	172
0.644	179
0.644	182
0.644	180
0.644	176
0.644	171
0.644	168
0.644	169
0.644	171
0.645	171
0.645	172
0.645	174
0.645	177
0.645	178
0.645	175
0.645	171
0.645	169
0.645	169
0.645	169
0.646	170
0.646	173
0.646	177
0.646	178
0.646	176
0.646	173
0.646	173
0.646	178
0.646	184
0.646	184
0.646	178
0.647	170
0.647	165
0.647	164
0.647	167
0.647	170
0.647	170
0.647	170
0.647	172
0.647	175
0.647	178
0.648	180
0.648	179
0.648	176
0.648	173
0.648	171
0.648	168
0.648	166
0.648	169
0.648	176
0.649	181
0.649	182
0.649	179
0.649	176
0.649	173
0.649	168
0.649	161
0.649	157
0.649	158
0.649	165
0.65	177
0.65	189
0.65	198
0.65	198
0.65	188
0.65	175
0.65	164
0.65	156
0.65	153
0.65	154
0.651	161
0.651	173
0.651	186
0.651	192
0.651	186
0.651	174
0.651	165
0.651	162
0.651	163
0.651	167
0.651	172
0.652	175
0.652	175
0.652	176
0.652	178
0.652	179
0.652	176
0.652	171
0.652	167
0.652	169
0.652	176
0.653	182
0.653	182
0.653	178
0.653	174
0.653	171
0.653	168
0.653	166
0.653	165
0.653	167
0.654	171
0.654	175
0.654	177
0.654	178
0.654	178
0.654	177
0.654	177
0.654	176
0.654	175
0.654	175
0.655	175
0.655	177
0.655	182
0.655	187
0.655	184
0.655	173
0.655	162
0.655	156
0.655	160
0.655	170
0.655	181
0.656	187
0.656	185
0.656	179
0.656	172
0.656	164
0.656	156
0.656	152
0.656	155
0.656	162
0.656	170
0.657	175
0.657	174
0.657	170
0.657	164
0.657	162
0.657	166
0.657	174
0.657	182
0.657	184
0.658	180
0.658	175
0.658	172
0.658	174
0.658	179
0.658	181
0.658	177
0.658	172
0.658	167
0.658	165
0.659	165
0.659	166
0.659	168
0.659	170
0.659	171
0.659	171
0.659	171
0.659	172
0.659	174
0.659	174
0.66	169
0.66	163
0.66	162
0.66	168
0.66	179
0.66	188
0.66	191
0.66	188
0.66	180
0.66	172
0.66	163
0.661	157
0.661	154
0.661	158
0.661	166
0.661	177
0.661	185
0.661	192
0.661	193
0.661	186
0.661	174
0.662	162
0.662	155
0.662	155
0.662	165
0.662	180
0.662	193
0.662	195
0.662	186
0.662	172
0.663	161
0.663	154
0.663	153
0.663	158
0.663	168
0.663	182
0.663	194
0.663	200
0.663	194
0.663	180
0.664	165
0.664	155
0.664	151
0.664	156
0.664	169
0.664	184
0.664	193
0.664	195
0.664	189
0.664	175
0.664	161
0.665	151
0.665	147
0.665	150
0.665	157
0.665	166
0.665	174
0.665	178
0.665	179
0.665	178
0.665	176
0.666	175
0.666	175
0.666	175
0.666	175
0.666	176
0.666	176
0.666	174
0.666	173
0.666	174
0.666	176
0.667	176
0.667	172
0.667	171
0.667	174
0.667	177
0.667	175
0.667	171
0.667	169
0.667	167
0.668	166
0.668	167
0.668	172
0.668	177
0.668	174
0.668	167
0.668	165
0.668	171
0.668	180
0.668	185
0.669	183
0.669	178
0.669	173
0.669	170
0.669	167
0.669	165
0.669	166
0.669	169
0.669	171
0.669	171
0.669	169
0.67	170
0.67	175
0.67	183
0.67	188
0.67	184
0.67	175
0.67	170
0.67	173
0.67	179
0.67	182
0.671	177
0.671	167
0.671	158
0.671	155
0.671	163
0.671	178
0.671	190
0.671	189
0.671	179
0.672	171
0.672	167
0.672	167
0.672	169
0.672	171
0.672	171
0.672	170
0.672	169
0.672	171
0.672	177
0.673	186
0.673	192
0.673	193
0.673	189
0.673	182
0.673	176
0.673	172
0.673	172
0.673	177
0.673	181
0.674	181
0.674	177
0.674	174
0.674	173
0.674	174
0.674	175
0.674	173
0.674	169
0.674	164
0.674	162
0.674	167
0.675	177
0.675	185
0.675	183
0.675	173
0.675	162
0.675	157
0.675	160
0.675	166
0.675	172
0.675	177
0.676	182
0.676	185
0.676	185
0.676	181
0.676	176
0.676	170
0.676	166
0.676	164
0.676	165
0.677	169
0.677	175
0.677	180
0.677	184
0.677	184
0.677	178
0.677	171
0.677	166
0.677	165
0.677	170
0.678	176
0.678	182
0.678	183
0.678	180
0.678	175
0.678	169
0.678	166
0.678	168
0.678	173
0.678	176
0.678	176
0.679	174
0.679	172
0.679	171
0.679	172
0.679	175
0.679	176
0.679	176
0.679	176
0.679	178
0.679	184
0.68	189
0.68	188
0.68	180
0.68	168
0.68	158
0.68	153
0.68	154
0.68	161
0.68	169
0.68	173
0.681	172
0.681	171
0.681	170
0.681	168
0.681	166
0.681	165
0.681	170
0.681	177
0.681	179
0.682	178
0.682	178
0.682	179
0.682	177
0.682	173
0.682	170
0.682	174
0.682	179
0.682	182
0.682	179
0.683	172
0.683	165
0.683	161
0.683	163
0.683	167
0.683	170
0.683	172
0.683	172
0.683	172
0.683	176
0.683	184
0.684	193
0.684	195
0.684	188
0.684	174
0.684	162
0.684	154
0.684	153
0.684	156
0.684	161
0.684	166
0.685	170
0.685	174
0.685	177
0.685	180
0.685	183
0.685	184
0.685	180
0.685	175
0.685	171
0.686	167
0.686	163
0.686	160
0.686	159
0.686	161
0.686	167
0.686	179
0.686	189
0.686	189
0.686	180
0.687	169
0.687	166
0.687	172
0.687	182
0.687	185
0.687	179
0.687	169
0.687	161
0.687	159
0.687	163
0.688	173
0.688	183
0.688	185
0.688	181
0.688	173
0.688	166
0.688	163
0.688	164
0.688	168
0.688	170
0.688	171
0.689	175
0.689	179
0.689	180
0.689	178
0.689	175
0.689	173
0.689	170
0.689	165
0.689	163
0.689	168
0.69	178
0.69	185
0.69	183
0.69	175
0.69	169
0.69	170
0.69	177
0.69	182
0.69	180
0.691	172
0.691	163
0.691	157
0.691	158
0.691	167
0.691	179
0.691	185
0.691	182
0.691	176
0.691	172
0.692	170
0.692	171
0.692	171
0.692	171
0.692	173
0.692	175
0.692	175
0.692	172
0.692	170
0.692	171
0.692	176
0.693	176
0.693	171
0.693	166
0.693	162
0.693	165
0.693	173
0.693	182
0.693	186
0.693	182
0.693	177
0.694	174
0.694	172
0.694	169
0.694	165
0.694	163
0.694	165
0.694	170
0.694	172
0.694	173
0.695	173
0.695	176
0.695	179
0.695	177
0.695	171
0.695	167
0.695	169
0.695	179
0.695	193
0.695	201
0.696	195
0.696	177
0.696	161
0.696	152
0.696	153
0.696	159
0.696	166
0.696	171
0.696	172
0.696	173
0.697	177
0.697	179
0.697	178
0.697	170
0.697	162
0.697	158
0.697	159
0.697	163
0.697	169
0.697	173
0.697	178
0.698	180
0.698	179
0.698	174
0.698	171
0.698	172
0.698	175
0.698	178
0.698	176
0.698	171
0.698	170
0.699	175
0.699	180
0.699	180
0.699	173
0.699	162
0.699	152
0.699	148
0.699	154
0.699	166
0.7	180
0.7	188
0.7	186
0.7	181
0.7	179
0.7	178
0.7	174
0.7	166
0.7	158
0.7	154
0.701	155
0.701	160
0.701	168
0.701	180
0.701	193
0.701	200
0.701	194
0.701	181
0.701	167
0.701	161
0.701	161
0.702	166
0.702	168
0.702	168
0.702	168
0.702	173
0.702	180
0.702	186
0.702	184
0.702	177
0.702	169
0.703	166
0.703	170
0.703	177
0.703	183
0.703	182
0.703	176
0.703	167
0.703	162
0.703	164
0.703	174
0.704	185
0.704	189
0.704	184
0.704	173
0.704	163
0.704	157
0.704	155
0.704	158
0.704	162
0.705	168
0.705	172
0.705	175
0.705	177
0.705	178
0.705	176
0.705	174
0.705	172
0.705	173
0.705	175
0.706	176
0.706	176
0.706	173
0.706	171
0.706	171
0.706	172
0.706	175
0.706	179
0.706	184
0.706	186
0.706	184
0.707	179
0.707	170
0.707	160
0.707	154
0.707	157
0.707	166
0.707	175
0.707	180
0.707	176
0.707	168
0.708	166
0.708	171
0.708	179
0.708	184
0.708	185
0.708	182
0.708	175
0.708	167
0.708	162
0.709	162
0.709	168
0.709	176
0.709	183
0.709	184
0.709	181
0.709	178
0.709	176
0.709	173
0.709	169
0.71	165
0.71	164
0.71	169
0.71	178
0.71	185
0.71	185
0.71	177
0.71	166
0.71	158
0.71	156
0.711	158
0.711	162
0.711	166
0.711	171
0.711	178
0.711	188
0.711	197
0.711	196
0.711	185
0.711	171
0.711	159
0.712	154
0.712	155
0.712	165
0.712	180
0.712	194
0.712	198
0.712	191
0.712	176
0.712	162
0.712	155
0.713	155
0.713	162
0.713	169
0.713	171
0.713	168
0.713	166
0.713	169
0.713	176
0.713	183
0.714	184
0.714	176
0.714	167
0.714	164
0.714	164
0.714	164
0.714	165
0.714	167
0.714	172
0.714	178
0.715	184
0.715	185
0.715	180
0.715	174
0.715	170
0.715	167
0.715	166
0.715	166
0.715	167
0.715	173
0.715	183
0.716	194
0.716	195
0.716	185
0.716	170
0.716	159
0.716	154
0.716	153
0.716	155
0.716	160
0.716	166
0.717	174
0.717	180
0.717	183
0.717	182
0.717	178
0.717	172
0.717	166
0.717	162
0.717	163
0.717	166
0.718	168
0.718	168
0.718	171
0.718	176
0.718	180
0.718	182
0.718	186
0.718	192
0.718	198
0.719	198
0.719	188
0.719	172
0.719	157
0.719	147
0.719	145
0.719	151
0.719	161
0.719	173
0.719	180
0.72	184
0.72	182
0.72	178
0.72	173
0.72	170
0.72	167
0.72	166
0.72	167
0.72	170
0.72	175
0.72	182
0.721	187
0.721	187
0.721	182
0.721	174
0.721	166
0.721	160
0.721	161
0.721	170
0.721	183
0.721	192
0.722	190
0.722	180
0.722	168
0.722	161
0.722	161
0.722	169
0.722	178
0.722	182
0.722	179
0.723	171
0.723	163
0.723	158
0.723	157
0.723	163
0.723	173
0.723	180
0.723	183
0.723	184
0.723	185
0.724	185
0.724	181
0.724	172
0.724	164
0.724	162
0.724	166
0.724	174
0.724	178
0.724	178
0.724	175
0.725	172
0.725	171
0.725	171
0.725	171
0.725	171
0.725	170
0.725	169
0.725	168
0.725	166
0.725	165
0.725	166
0.726	166
0.726	169
0.726	176
0.726	187
0.726	195
0.726	194
0.726	186
0.726	176
0.726	168
0.726	163
0.727	162
0.727	162
0.727	159
0.727	157
0.727	161
0.727	171
0.727	183
0.727	190
0.727	190
0.728	186
0.728	181
0.728	176
0.728	173
0.728	170
0.728	168
0.728	166
0.728	165
0.728	166
0.728	168
0.729	171
0.729	173
0.729	174
0.729	174
0.729	175
0.729	174
0.729	172
0.729	171
0.729	172
0.729	173
0.729	173
0.73	173
0.73	176
0.73	180
0.73	182
0.73	180
0.73	173
0.73	166
0.73	162
0.73	164
0.73	174
0.731	185
0.731	191
0.731	188
0.731	180
0.731	172
0.731	167
0.731	166
0.731	165
0.731	163
0.732	161
0.732	161
0.732	164
0.732	171
0.732	180
0.732	183
0.732	176
0.732	166
0.732	160
0.732	161
0.733	167
0.733	170
0.733	170
0.733	168
0.733	170
0.733	173
0.733	175
0.733	174
0.733	171
0.733	169
0.734	167
0.734	166
0.734	168
0.734	169
0.734	171
0.734	177
0.734	182
0.734	184
0.734	179
0.734	171
0.734	164
0.735	160
0.735	162
0.735	167
0.735	173
0.735	177
0.735	180
0.735	179
0.735	176
0.735	172
0.735	168
0.736	166
0.736	168
0.736	173
0.736	180
0.736	184
0.736	180
0.736	171
0.736	163
0.736	160
0.737	166
0.737	174
0.737	180
0.737	182
0.737	184
0.737	184
0.737	181
0.737	173
0.737	165
0.737	160
0.738	162
0.738	168
0.738	174
0.738	175
0.738	176
0.738	178
0.738	180
0.738	178
0.738	171
0.738	166
0.738	165
0.739	168
0.739	171
0.739	173
0.739	174
0.739	174
0.739	172
0.739	172
0.739	178
0.739	186
0.739	189
0.74	182
0.74	172
0.74	164
0.74	159
0.74	158
0.74	161
0.74	168
0.74	173
0.74	175
0.74	172
0.741	168
0.741	169
0.741	176
0.741	184
0.741	186
0.741	180
0.741	169
0.741	159
0.741	154
0.742	157
0.742	166
0.742	174
0.742	178
0.742	177
0.742	176
0.742	175
0.742	176
0.742	178
0.742	181
0.743	184
0.743	181
0.743	174
0.743	166
0.743	161
0.743	159
0.743	165
0.743	177
0.743	189
0.743	191
0.743	182
0.744	167
0.744	157
0.744	156
0.744	159
0.744	163
0.744	164
0.744	169
0.744	180
0.744	192
0.744	195
0.745	185
0.745	168
0.745	155
0.745	150
0.745	151
0.745	157
0.745	167
0.745	175
0.745	178
0.746	179
0.746	180
0.746	182
0.746	184
0.746	182
0.746	176
0.746	167
0.746	159
0.746	154
0.746	155
0.747	162
0.747	171
0.747	178
0.747	178
0.747	173
0.747	168
0.747	167
0.747	171
0.747	178
0.747	186
0.748	188
0.748	186
0.748	183
0.748	179
0.748	173
0.748	166
0.748	159
0.748	155
0.748	157
0.748	163
0.748	172
0.749	179
0.749	182
0.749	181
0.749	178
0.749	176
0.749	176
0.749	179
0.749	182
0.749	181
0.749	176
0.75	171
0.75	169
0.75	169
0.75	171
0.75	170
0.75	168
0.75	165
0.75	166
0.75	171
0.751	174
0.751	173
0.751	168
0.751	165
0.751	168
0.751	175
0.751	182
0.751	184
0.751	179
0.751	173
0.752	169
0.752	168
0.752	168
0.752	170
0.752	173
0.752	173
0.752	168
0.752	162
0.752	159
0.752	159
0.752	162
0.753	168
0.753	177
0.753	188
0.753	198
0.753	200
0.753	195
0.753	186
0.753	178
0.753	169
0.753	160
0.754	153
0.754	151
0.754	157
0.754	166
0.754	173
0.754	175
0.754	176
0.754	181
0.754	188
0.754	191
0.755	187
0.755	176
0.755	167
0.755	163
0.755	165
0.755	167
0.755	168
0.755	165
0.755	162
0.756	161
0.756	164
0.756	171
0.756	181
0.756	191
0.756	194
0.756	190
0.756	181
0.756	169
0.756	159
0.757	153
0.757	154
0.757	162
0.757	173
0.757	181
0.757	182
0.757	178
0.757	171
0.757	165
0.757	161
0.757	161
0.758	166
0.758	172
0.758	179
0.758	182
0.758	180
0.758	173
0.758	166
0.758	163
0.758	163
0.758	165
0.759	168
0.759	171
0.759	178
0.759	182
0.759	182
0.759	177
0.759	169
0.759	163
0.759	161
0.76	164
0.76	168
0.76	169
0.76	166
0.76	165
0.76	170
0.76	180
0.76	189
0.76	190
0.76	181
0.761	169
0.761	160
0.761	158
0.761	162
0.761	168
0.761	173
0.761	175
0.761	178
0.761	180
0.761	180
0.762	175
0.762	168
0.762	164
0.762	164
0.762	167
0.762	171
0.762	173
0.762	175
0.762	179
0.762	179
0.762	173
0.763	165
0.763	161
0.763	164
0.763	172
0.763	182
0.763	188
0.763	185
0.763	176
0.763	166
0.763	160
0.764	162
0.764	171
0.764	179
0.764	181
0.764	177
0.764	170
0.764	167
0.764	168
0.764	174
0.765	180
0.765	181
0.765	178
0.765	175
0.765	172
0.765	170
0.765	170
0.765	169
0.765	168
0.765	165
0.766	161
0.766	162
0.766	168
0.766	178
0.766	185
0.766	185
0.766	180
0.766	176
0.766	178
0.766	181
0.766	180
0.767	175
0.767	167
0.767	161
0.767	162
0.767	170
0.767	180
0.767	186
0.767	184
0.767	177
0.767	170
0.768	166
0.768	166
0.768	168
0.768	170
0.768	170
0.768	170
0.768	174
0.768	179
0.768	183
0.768	181
0.769	175
0.769	169
0.769	164
0.769	161
0.769	162
0.769	166
0.769	172
0.769	176
0.769	178
0.77	177
0.77	173
0.77	169
0.77	166
0.77	164
0.77	161
0.77	157
0.77	159
0.77	168
0.77	180
0.771	187
0.771	189
0.771	187
0.771	182
0.771	176
0.771	170
0.771	165
0.771	164
0.771	168
0.771	175
0.771	182
0.772	182
0.772	175
0.772	169
0.772	168
0.772	170
0.772	176
0.772	183
0.772	187
0.772	184
0.772	174
0.773	165
0.773	162
0.773	163
0.773	166
0.773	168
0.773	170
0.773	175
0.773	179
0.773	180
0.774	178
0.774	173
0.774	166
0.774	162
0.774	164
0.774	172
0.774	179
0.774	179
0.774	173
0.774	166
0.775	162
0.775	168
0.775	184
0.775	198
0.775	202
0.775	191
0.775	175
0.775	164
0.775	161
0.775	165
0.776	173
0.776	179
0.776	178
0.776	170
0.776	162
0.776	159
0.776	164
0.776	176
0.776	189
0.776	194
0.776	190
0.777	182
0.777	175
0.777	169
0.777	165
0.777	161
0.777	158
0.777	158
0.777	161
0.777	170
0.777	183
0.778	193
0.778	195
0.778	187
0.778	176
0.778	167
0.778	165
0.778	170
0.778	174
0.778	175
0.779	172
0.779	168
0.779	166
0.779	166
0.779	167
0.779	165
0.779	164
0.779	166
0.779	171
0.779	175
0.78	176
0.78	176
0.78	175
0.78	174
0.78	170
0.78	166
0.78	164
0.78	164
0.78	169
0.78	177
0.78	186
0.781	190
0.781	187
0.781	180
0.781	176
0.781	173
0.781	168
0.781	162
0.781	160
0.781	162
0.781	165
0.782	170
0.782	178
0.782	185
0.782	191
0.782	191
0.782	186
0.782	175
0.782	164
0.782	156
0.783	155
0.783	161
0.783	172
0.783	179
0.783	178
0.783	172
0.783	168
0.783	169
0.783	171
0.783	172
0.784	169
0.784	163
0.784	159
0.784	160
0.784	169
0.784	183
0.784	196
0.784	201
0.784	198
0.784	189
0.785	177
0.785	166
0.785	157
0.785	153
0.785	152
0.785	153
0.785	159
0.785	169
0.785	181
0.785	190
0.785	192
0.786	187
0.786	179
0.786	172
0.786	170
0.786	171
0.786	173
0.786	172
0.786	166
0.786	158
0.786	156
0.787	161
0.787	170
0.787	177
0.787	178
0.787	176
0.787	177
0.787	179
0.787	181
0.787	179
0.788	172
0.788	164
0.788	159
0.788	157
0.788	158
0.788	162
0.788	171
0.788	184
0.788	193
0.788	192
0.789	182
0.789	169
0.789	158
0.789	152
0.789	153
0.789	159
0.789	167
0.789	175
0.789	178
0.789	177
0.789	177
0.79	179
0.79	182
0.79	181
0.79	177
0.79	174
0.79	174
0.79	176
0.79	176
0.79	174
0.79	170
0.791	167
0.791	164
0.791	164
0.791	165
0.791	168
0.791	171
0.791	177
0.791	181
0.791	178
0.791	173
0.792	170
0.792	171
0.792	172
0.792	172
0.792	170
0.792	168
0.792	166
0.792	166
0.792	171
0.793	179
0.793	186
0.793	187
0.793	180
0.793	170
0.793	161
0.793	157
0.793	160
0.793	169
0.793	180
0.794	185
0.794	183
0.794	177
0.794	175
0.794	179
0.794	182
0.794	182
0.794	178
0.794	173
0.794	166
0.794	162
0.795	162
0.795	165
0.795	170
0.795	175
0.795	180
0.795	183
0.795	180
0.795	174
0.795	168
0.795	166
0.796	171
0.796	180
0.796	185
0.796	184
0.796	180
0.796	177
0.796	175
0.796	172
0.796	168
0.797	167
0.797	172
0.797	180
0.797	184
0.797	179
0.797	171
0.797	164
0.797	161
0.797	162
0.797	164
0.798	168
0.798	173
0.798	179
0.798	183
0.798	184
0.798	180
0.798	175
0.798	171
0.798	170
0.798	171
0.799	172
0.799	172
0.799	170
0.799	168
0.799	168
0.799	173
0.799	182
0.799	188
0.799	183
0.799	172
0.799	164
0.8	162
0.8	166
0.8	170
0.8	172
0.8	170
0.8	166
0.8	165
0.8	167
0.8	174
0.8	182
0.801	189
0.801	191
0.801	186
0.801	177
0.801	168
0.801	162
0.801	161
0.801	162
0.801	164
0.802	167
0.802	173
0.802	180
0.802	185
0.802	182
0.802	176
0.802	170
0.802	168
0.802	168
0.802	169
0.803	170
0.803	171
0.803	170
0.803	173
0.803	179
0.803	183
0.803	180
0.803	171
0.803	162
0.803	157
0.803	159
0.804	168
0.804	183
0.804	194
0.804	191
0.804	180
0.804	168
0.804	161
0.804	159
0.804	162
0.804	169
0.805	176
0.805	177
0.805	172
0.805	164
0.805	159
0.805	161
0.805	170
0.805	177
0.805	177
0.805	175
0.806	174
0.806	178
0.806	182
0.806	183
0.806	177
0.806	169
0.806	165
0.806	168
0.806	178
0.807	186
0.807	189
0.807	185
0.807	177
0.807	170
0.807	164
0.807	161
0.807	161
0.807	162
0.807	165
0.808	170
0.808	175
0.808	176
0.808	173
0.808	172
0.808	176
0.808	181
0.808	183
0.808	180
0.808	175
0.808	173
0.809	173
0.809	172
0.809	169
0.809	167
0.809	165
0.809	165
0.809	169
0.809	177
0.809	187
0.809	192
0.81	188
0.81	177
0.81	165
0.81	159
0.81	159
0.81	164
0.81	174
0.81	182
0.81	185
0.811	181
0.811	177
0.811	176
0.811	174
0.811	170
0.811	165
0.811	164
0.811	165
0.811	169
0.811	177
0.812	186
0.812	190
0.812	184
0.812	170
0.812	158
0.812	152
0.812	156
0.812	168
0.812	183
0.812	191
0.813	189
0.813	179
0.813	169
0.813	162
0.813	158
0.813	157
0.813	158
0.813	159
0.813	160
0.813	162
0.813	167
0.814	175
0.814	180
0.814	182
0.814	183
0.814	187
0.814	193
0.814	195
0.814	189
0.814	178
0.814	166
0.815	157
0.815	153
0.815	157
0.815	170
0.815	187
0.815	199
0.815	200
0.815	189
0.815	176
0.816	164
0.816	155
0.816	149
0.816	148
0.816	154
0.816	164
0.816	175
0.816	182
0.816	185
0.816	184
0.817	177
0.817	168
0.817	161
0.817	158
0.817	163
0.817	172
0.817	183
0.817	189
0.817	188
0.817	180
0.817	171
0.818	164
0.818	162
0.818	162
0.818	164
0.818	166
0.818	169
0.818	170
0.818	172
0.818	177
0.818	184
0.819	189
0.819	188
0.819	181
0.819	170
0.819	162
0.819	160
0.819	164
0.819	171
0.819	178
0.82	178
0.82	173
0.82	166
0.82	162
0.82	165
0.82	175
0.82	185
0.82	190
0.82	186
0.82	178
0.821	172
0.821	167
0.821	163
0.821	160
0.821	160
0.821	164
0.821	168
0.821	169
0.821	167
0.821	167
0.822	169
0.822	173
0.822	176
0.822	175
0.822	172
0.822	168
0.822	166
0.822	165
0.822	166
0.822	170
0.822	175
0.823	181
0.823	187
0.823	191
0.823	187
0.823	178
0.823	171
0.823	166
0.823	160
0.823	154
0.823	154
0.824	165
0.824	182
0.824	196
0.824	199
0.824	193
0.824	182
0.824	174
0.824	170
0.824	171
0.825	173
0.825	173
0.825	169
0.825	163
0.825	161
0.825	164
0.825	169
0.825	172
0.825	171
0.825	170
0.826	172
0.826	177
0.826	180
0.826	183
0.826	184
0.826	180
0.826	171
0.826	162
0.826	158
0.826	157
0.826	161
0.827	169
0.827	176
0.827	178
0.827	178
0.827	177
0.827	175
0.827	173
0.827	172
0.827	171
0.827	169
0.828	166
0.828	166
0.828	173
0.828	186
0.828	198
0.828	198
0.828	187
0.828	171
0.828	159
0.828	154
0.829	156
0.829	166
0.829	180
0.829	189
0.829	187
0.829	176
0.829	164
0.829	158
0.829	159
0.83	165
0.83	173
0.83	175
0.83	175
0.83	177
0.83	181
0.83	182
0.83	177
0.83	168
0.83	162
0.831	162
0.831	168
0.831	179
0.831	190
0.831	194
0.831	193
0.831	185
0.831	174
0.831	161
0.831	151
0.831	146
0.832	147
0.832	154
0.832	163
0.832	172
0.832	181
0.832	187
0.832	189
0.832	186
0.832	178
0.832	170
0.833	165
0.833	165
0.833	170
0.833	175
0.833	177
0.833	174
0.833	170
0.833	168
0.833	171
0.834	179
0.834	186
0.834	188
0.834	183
0.834	175
0.834	167
0.834	161
0.834	156
0.834	154
0.834	155
0.835	161
0.835	166
0.835	171
0.835	176
0.835	182
0.835	184
0.835	179
0.835	172
0.835	165
0.835	163
0.836	165
0.836	173
0.836	183
0.836	188
0.836	186
0.836	181
0.836	177
0.836	175
0.836	176
0.836	176
0.836	173
0.837	166
0.837	159
0.837	153
0.837	151
0.837	153
0.837	160
0.837	171
0.837	183
0.837	191
0.837	193
0.838	188
0.838	182
0.838	178
0.838	172
0.838	163
0.838	157
0.838	157
0.838	164
0.838	173
0.839	178
0.839	178
0.839	174
0.839	172
0.839	173
0.839	173
0.839	172
0.839	168
0.839	164
0.839	164
0.84	168
0.84	174
0.84	178
0.84	177
0.84	175
0.84	175
0.84	180
0.84	183
0.84	182
0.84	181
0.84	181
0.841	181
0.841	179
0.841	175
0.841	168
0.841	161
0.841	159
0.841	166
0.841	176
0.841	183
0.841	181
0.842	173
0.842	168
0.842	166
0.842	167
0.842	167
0.842	166
0.842	166
0.842	168
0.842	171
0.842	171
0.843	168
0.843	163
0.843	162
0.843	166
0.843	174
0.843	179
0.843	178
0.843	171
0.843	166
0.844	165
0.844	169
0.844	176
0.844	182
0.844	186
0.844	184
0.844	178
0.844	171
0.844	163
0.844	159
0.845	160
0.845	167
0.845	176
0.845	182
0.845	182
0.845	177
0.845	170
0.845	164
0.845	164
0.845	169
0.845	176
0.846	181
0.846	183
0.846	182
0.846	181
0.846	180
0.846	180
0.846	180
0.846	176
0.846	170
0.846	163
0.847	158
0.847	158
0.847	161
0.847	164
0.847	167
0.847	170
0.847	173
0.847	179
0.847	188
0.848	194
0.848	189
0.848	176
0.848	164
0.848	159
0.848	162
0.848	170
0.848	181
0.848	186
0.848	183
0.849	177
0.849	172
0.849	170
0.849	171
0.849	174
0.849	177
0.849	178
0.849	175
0.849	172
0.849	169
0.85	167
0.85	165
0.85	163
0.85	164
0.85	167
0.85	172
0.85	179
0.85	184
0.85	184
0.85	181
0.85	176
0.851	169
0.851	162
0.851	158
0.851	158
0.851	159
0.851	159
0.851	159
0.851	161
0.851	170
0.851	183
0.852	193
0.852	195
0.852	190
0.852	180
0.852	170
0.852	163
0.852	161
0.852	165
0.852	171
0.853	179
0.853	184
0.853	182
0.853	174
0.853	168
0.853	167
0.853	173
0.853	179
0.853	183
0.853	183
0.854	180
0.854	173
0.854	168
0.854	167
0.854	172
0.854	177
0.854	176
0.854	171
0.854	169
0.854	168
0.854	170
0.855	175
0.855	183
0.855	189
0.855	189
0.855	182
0.855	172
0.855	164
0.855	160
0.855	161
0.855	163
0.856	167
0.856	175
0.856	187
0.856	198
0.856	204
0.856	201
0.856	191
0.856	177
0.856	164
0.857	155
0.857	151
0.857	151
0.857	158
0.857	170
0.857	182
0.857	185
0.857	180
0.857	173
0.857	169
0.858	168
0.858	168
0.858	167
0.858	166
0.858	168
0.858	175
0.858	183
0.858	188
0.858	186
0.858	178
0.859	170
0.859	163
0.859	159
0.859	159
0.859	161
0.859	166
0.859	171
0.859	176
0.859	180
0.859	182
0.859	179
0.86	175
0.86	171
0.86	171
0.86	175
0.86	177
0.86	177
0.86	174
0.86	171
0.86	169
0.86	169
0.861	168
0.861	168
0.861	169
0.861	173
0.861	177
0.861	179
0.861	177
0.861	172
0.861	166
0.862	161
0.862	160
0.862	168
0.862	181
0.862	194
0.862	200
0.862	196
0.862	185
0.862	172
0.862	160
0.863	154
0.863	153
0.863	155
0.863	157
0.863	159
0.863	162
0.863	166
0.863	173
0.863	180
0.863	184
0.863	181
0.864	172
0.864	165
0.864	163
0.864	165
0.864	168
0.864	171
0.864	175
0.864	175
0.864	172
0.864	166
0.865	162
0.865	163
0.865	169
0.865	178
0.865	184
0.865	185
0.865	184
0.865	184
0.865	182
0.865	175
0.866	165
0.866	158
0.866	158
0.866	165
0.866	174
0.866	178
0.866	175
0.866	169
0.866	165
0.867	164
0.867	166
0.867	169
0.867	173
0.867	174
0.867	173
0.867	170
0.867	171
0.867	175
0.867	181
0.868	182
0.868	177
0.868	171
0.868	170
0.868	174
0.868	177
0.868	176
0.868	173
0.868	172
0.868	175
0.868	177
0.869	176
0.869	172
0.869	170
0.869	170
0.869	170
0.869	168
0.869	167
0.869	170
0.869	177
0.869	183
0.87	184
0.87	178
0.87	169
0.87	162
0.87	160
0.87	161
0.87	165
0.87	170
0.87	178
0.871	189
0.871	198
0.871	200
0.871	189
0.871	172
0.871	156
0.871	147
0.871	146
0.871	152
0.871	164
0.872	177
0.872	187
0.872	192
0.872	191
0.872	186
0.872	178
0.872	167
0.872	159
0.872	155
0.872	156
0.873	161
0.873	170
0.873	178
0.873	182
0.873	178
0.873	171
0.873	165
0.873	167
0.873	175
0.873	185
0.873	190
0.874	186
0.874	176
0.874	165
0.874	156
0.874	152
0.874	153
0.874	158
0.874	167
0.874	177
0.874	183
0.875	187
0.875	187
0.875	184
0.875	177
0.875	170
0.875	167
0.875	168
0.875	167
0.875	162
0.876	156
0.876	154
0.876	158
0.876	166
0.876	172
0.876	174
0.876	174
0.876	173
0.876	172
0.876	169
0.877	166
0.877	163
0.877	162
0.877	163
0.877	166
0.877	169
0.877	173
0.877	177
0.877	179
0.877	177
0.877	173
0.878	174
0.878	179
0.878	185
0.878	185
0.878	179
0.878	168
0.878	159
0.878	158
0.878	164
0.878	173
0.879	178
0.879	175
0.879	168
0.879	161
0.879	161
0.879	167
0.879	176
0.879	182
0.879	179
0.879	171
0.88	163
0.88	161
0.88	168
0.88	178
0.88	186
0.88	187
0.88	184
0.88	180
0.88	177
0.881	175
0.881	173
0.881	169
0.881	164
0.881	158
0.881	156
0.881	163
0.881	179
0.881	194
0.881	196
0.882	187
0.882	173
0.882	161
0.882	155
0.882	155
0.882	163
0.882	174
0.882	182
0.882	184
0.882	181
0.882	174
0.883	167
0.883	164
0.883	165
0.883	168
0.883	171
0.883	173
0.883	173
0.883	172
0.883	171
0.883	173
0.884	174
0.884	174
0.884	173
0.884	173
0.884	171
0.884	168
0.884	168
0.884	171
0.884	177
0.885	185
0.885	192
0.885	192
0.885	182
0.885	169
0.885	158
0.885	154
0.885	159
0.885	168
0.885	176
0.886	179
0.886	178
0.886	177
0.886	176
0.886	173
0.886	168
0.886	164
0.886	165
0.886	172
0.886	180
0.887	182
0.887	178
0.887	174
0.887	173
0.887	176
0.887	177
0.887	175
0.887	171
0.887	168
0.887	169
0.887	170
0.888	172
0.888	173
0.888	173
0.888	171
0.888	168
0.888	166
0.888	168
0.888	170
0.888	172
0.888	173
0.889	174
0.889	175
0.889	174
0.889	174
0.889	174
0.889	174
0.889	173
0.889	172
0.889	170
0.89	168
0.89	168
0.89	173
0.89	178
0.89	178
0.89	174
0.89	171
0.89	172
0.89	179
0.89	184
0.891	180
0.891	170
0.891	162
0.891	160
0.891	164
0.891	170
0.891	172
0.891	170
0.891	166
0.891	165
0.891	168
0.892	173
0.892	176
0.892	175
0.892	172
0.892	170
0.892	171
0.892	173
0.892	176
0.892	177
0.892	176
0.893	173
	
	
	
	
	
	
	
	
	
