0	172
0.0001	172
0.0002	173
0.0003	174
0.00035	174
0.0004	174
0.0005	175
0.0006	176
0.0007	177
0.0008	181
0.0009	187
0.001	192
0.0011	194
0.0012	191
0.0013	187
0.0014	181
0.0015	175
0.0016	168
0.0017	165
0.0018	166
0.0019	172
0.002	179
0.0021	182
0.0022	179
0.0023	174
0.0024	170
0.0025	170
0.0026	172
0.0027	176
0.0028	180
0.0029	179
0.003	176
0.0031	173
0.0032	174
0.0033	178
0.0034	182
0.0035	182
0.0036	176
0.0037	170
0.0038	168
0.0039	172
0.004	179
0.0041	182
0.0042	182
0.0043	181
0.0044	177
0.0045	172
0.0046	167
0.0047	163
0.0048	161
0.0049	161
0.005	165
0.0051	176
0.0052	188
0.0053	193
0.0054	190
0.0055	182
0.0056	173
0.0057	166
0.0058	162
0.0059	163
0.006	166
0.0061	171
0.0062	176
0.0063	182
0.0064	186
0.0065	188
0.0066	186
0.0067	179
0.0068	170
0.0069	165
0.007	165
0.0071	170
0.0072	177
0.0073	183
0.0074	186
0.0075	184
0.0076	179
0.0077	174
0.0078	172
0.0079	172
0.008	174
0.0081	175
0.0082	175
0.0083	172
0.0084	170
0.0085	170
0.0086	175
0.0087	178
0.0088	180
0.0089	181
0.009	183
0.0091	183
0.0092	180
0.0093	174
0.0094	168
0.0095	166
0.0096	166
0.0097	168
0.0098	174
0.0099	182
0.01	189
0.0101	192
0.0102	189
0.0103	182
0.0104	173
0.0105	166
0.0106	164
0.0107	167
0.0108	171
0.0109	174
0.011	177
0.0111	179
0.0112	184
0.0113	188
0.0114	189
0.0115	185
0.0116	180
0.0117	176
0.0118	175
0.0119	175
0.012	174
0.0121	171
0.0122	165
0.0123	162
0.0124	163
0.0125	168
0.0126	177
0.0127	183
0.0128	183
0.0129	179
0.013	177
0.0131	177
0.0132	175
0.0133	171
0.0134	172
0.0135	176
0.0136	179
0.0137	176
0.0138	170
0.0139	168
0.014	171
0.0141	176
0.0142	182
0.0143	190
0.0144	197
0.0145	195
0.0146	182
0.0147	166
0.0148	154
0.0149	152
0.015	161
0.0151	179
0.0152	196
0.0153	202
0.0154	196
0.0155	186
0.0156	174
0.0157	163
0.0158	156
0.0159	153
0.016	152
0.0161	156
0.0162	168
0.0163	183
0.0164	192
0.0165	193
0.0166	186
0.0167	176
0.0168	170
0.0169	168
0.017	170
0.0171	169
0.0172	166
0.0173	165
0.0174	167
0.0175	171
0.0176	179
0.0177	187
0.0178	192
0.0179	190
0.018	183
0.0181	176
0.0182	170
0.0183	165
0.0184	166
0.0185	174
0.0186	184
0.0187	189
0.0188	186
0.0189	179
0.019	174
0.0191	173
0.0192	176
0.0193	177
0.0194	175
0.0195	170
0.0196	168
0.0197	168
0.0198	174
0.0199	180
0.02	183
0.0201	181
0.0202	178
0.0203	178
0.0204	179
0.0205	177
0.0206	172
0.0207	170
0.0208	176
0.0209	185
0.021	188
0.0211	182
0.0212	171
0.0213	162
0.0214	158
0.0215	159
0.0216	163
0.0217	170
0.0218	176
0.0219	179
0.022	179
0.0221	178
0.0222	181
0.0223	186
0.0224	188
0.0225	186
0.0226	182
0.0227	175
0.0228	168
0.0229	166
0.023	170
0.0231	174
0.0232	177
0.0233	177
0.0234	175
0.0235	175
0.0236	177
0.0237	179
0.0238	178
0.0239	174
0.024	173
0.0241	180
0.0242	195
0.0243	209
0.0244	211
0.0245	199
0.0246	180
0.0247	162
0.0248	152
0.0249	151
0.025	159
0.0251	171
0.0252	186
0.0253	197
0.0254	198
0.0255	190
0.0256	177
0.0257	166
0.0258	159
0.0259	161
0.026	170
0.0261	178
0.0262	178
0.0263	173
0.0264	168
0.0265	170
0.0266	177
0.0267	184
0.0268	183
0.0269	176
0.027	169
0.0271	167
0.0272	170
0.0273	176
0.0274	181
0.0275	179
0.0276	176
0.0277	177
0.0278	183
0.0279	187
0.028	187
0.0281	183
0.0282	178
0.0283	175
0.0284	174
0.0285	176
0.0286	179
0.0287	181
0.0288	185
0.0289	189
0.029	187
0.0291	180
0.0292	170
0.0293	165
0.0294	165
0.0295	168
0.0296	172
0.0297	175
0.0298	177
0.0299	182
0.03	186
0.0301	189
0.0302	186
0.0303	177
0.0304	166
0.0305	157
0.0306	155
0.0307	162
0.0308	176
0.0309	188
0.031	190
0.0311	183
0.0312	172
0.0313	164
0.0314	164
0.0315	169
0.0316	176
0.0317	183
0.0318	185
0.0319	181
0.032	173
0.0321	164
0.0322	158
0.0323	158
0.0324	163
0.0325	172
0.0326	181
0.0327	185
0.0328	184
0.0329	183
0.033	182
0.0331	182
0.0332	181
0.0333	179
0.0334	176
0.0335	172
0.0336	170
0.0337	169
0.0338	172
0.0339	177
0.034	183
0.0341	190
0.0342	195
0.0343	195
0.0344	190
0.0345	181
0.0346	173
0.0347	165
0.0348	159
0.0349	156
0.035	158
0.0351	163
0.0352	170
0.0353	172
0.0354	172
0.0355	172
0.0356	174
0.0357	175
0.0358	173
0.0359	171
0.036	173
0.0361	177
0.0362	181
0.0363	183
0.0364	179
0.0365	177
0.0366	179
0.0367	183
0.0368	184
0.0369	183
0.037	180
0.0371	177
0.0372	173
0.0373	169
0.0374	165
0.0375	165
0.0376	171
0.0377	179
0.0378	184
0.0379	183
0.038	181
0.0381	181
0.0382	183
0.0383	185
0.0384	184
0.0385	182
0.0386	178
0.0387	173
0.0388	171
0.0389	173
0.039	176
0.0391	177
0.0392	175
0.0393	171
0.0394	169
0.0395	168
0.0396	167
0.0397	168
0.0398	170
0.0399	171
0.04	176
0.0401	182
0.0402	186
0.0403	186
0.0404	185
0.0405	180
0.0406	172
0.0407	169
0.0408	173
0.0409	183
0.041	192
0.0411	191
0.0412	183
0.0413	175
0.0414	169
0.0415	167
0.0416	168
0.0417	170
0.0418	175
0.0419	180
0.042	185
0.0421	188
0.0422	187
0.0423	183
0.0424	178
0.0425	171
0.0426	165
0.0427	161
0.0428	164
0.0429	169
0.043	174
0.0431	178
0.0432	185
0.0433	195
0.0434	200
0.0435	195
0.0436	182
0.0437	167
0.0438	156
0.0439	151
0.044	154
0.0441	165
0.0442	179
0.0443	188
0.0444	190
0.0445	185
0.0446	176
0.0447	169
0.0448	166
0.0449	168
0.045	171
0.0451	174
0.0452	176
0.0453	176
0.0454	177
0.0455	181
0.0456	185
0.0457	186
0.0458	183
0.0459	176
0.046	169
0.0461	167
0.0462	170
0.0463	177
0.0464	180
0.0465	179
0.0466	177
0.0467	179
0.0468	181
0.0469	177
0.047	171
0.0471	167
0.0472	168
0.0473	174
0.0474	181
0.0475	184
0.0476	182
0.0477	179
0.0478	175
0.0479	169
0.048	164
0.0481	160
0.0482	160
0.0483	168
0.0484	180
0.0485	191
0.0486	193
0.0487	185
0.0488	173
0.0489	166
0.049	165
0.0491	170
0.0492	175
0.0493	177
0.0494	178
0.0495	180
0.0496	182
0.0497	186
0.0498	189
0.0499	190
0.05	187
0.0501	180
0.0502	171
0.0503	163
0.0504	158
0.0505	159
0.0506	167
0.0507	177
0.0508	185
0.0509	186
0.051	183
0.0511	176
0.0512	172
0.0513	169
0.0514	171
0.0515	176
0.0516	179
0.0517	179
0.0518	175
0.0519	173
0.052	172
0.0521	172
0.0522	172
0.0523	173
0.0524	176
0.0525	182
0.0526	184
0.0527	183
0.0528	179
0.0529	178
0.053	177
0.0531	174
0.0532	171
0.0533	169
0.0534	172
0.0535	178
0.0536	181
0.0537	179
0.0538	174
0.0539	170
0.054	171
0.0541	176
0.0542	181
0.0543	181
0.0544	178
0.0545	177
0.0546	176
0.0547	175
0.0548	172
0.0549	170
0.055	168
0.0551	167
0.0552	169
0.0553	175
0.0554	182
0.0555	188
0.0556	192
0.0557	195
0.0558	195
0.0559	188
0.056	177
0.0561	166
0.0562	159
0.0563	157
0.0564	161
0.0565	171
0.0566	181
0.0567	185
0.0568	183
0.0569	179
0.057	179
0.0571	180
0.0572	181
0.0573	182
0.0574	182
0.0575	179
0.0576	175
0.0577	173
0.0578	175
0.0579	180
0.058	183
0.0581	180
0.0582	175
0.0583	169
0.0584	164
0.0585	161
0.0586	162
0.0587	168
0.0588	178
0.0589	186
0.059	186
0.0591	179
0.0592	169
0.0593	164
0.0594	167
0.0595	172
0.0596	176
0.0597	181
0.0598	188
0.0599	193
0.06	193
0.0601	187
0.0602	178
0.0603	169
0.0604	162
0.0605	161
0.0606	167
0.0607	180
0.0608	190
0.0609	192
0.061	184
0.0611	175
0.0612	169
0.0613	166
0.0614	165
0.0615	166
0.0616	168
0.0617	172
0.0618	176
0.0619	181
0.062	186
0.0621	190
0.0622	192
0.0623	189
0.0624	180
0.0625	170
0.0626	163
0.0627	164
0.0628	172
0.0629	182
0.063	186
0.0631	184
0.0632	175
0.0633	164
0.0634	158
0.0635	162
0.0636	174
0.0637	187
0.0638	192
0.0639	188
0.064	181
0.0641	175
0.0642	169
0.0643	166
0.0644	164
0.0645	168
0.0646	176
0.0647	186
0.0648	188
0.0649	181
0.065	173
0.0651	167
0.0652	165
0.0653	167
0.0654	168
0.0655	168
0.0656	169
0.0657	171
0.0658	174
0.0659	179
0.066	188
0.0661	195
0.0662	194
0.0663	185
0.0664	175
0.0665	169
0.0666	168
0.0667	172
0.0668	178
0.0669	182
0.067	182
0.0671	178
0.0672	174
0.0673	172
0.0674	173
0.0675	174
0.0676	172
0.0677	168
0.0678	168
0.0679	171
0.068	177
0.0681	182
0.0682	183
0.0683	179
0.0684	175
0.0685	174
0.0686	178
0.0687	187
0.0688	192
0.0689	188
0.069	177
0.0691	167
0.0692	163
0.0693	169
0.0694	178
0.0695	182
0.0696	179
0.0697	173
0.0698	171
0.0699	172
0.07	177
0.0701	183
0.0702	187
0.0703	188
0.0704	184
0.0705	176
0.0706	167
0.0707	159
0.0708	156
0.0709	161
0.071	175
0.0711	190
0.0712	196
0.0713	195
0.0714	190
0.0715	182
0.0716	174
0.0717	170
0.0718	168
0.0719	166
0.072	164
0.0721	164
0.0722	167
0.0723	171
0.0724	176
0.0725	181
0.0726	188
0.0727	190
0.0728	186
0.0729	182
0.073	181
0.0731	184
0.0732	185
0.0733	181
0.0734	173
0.0735	166
0.0736	165
0.0737	173
0.0738	183
0.0739	187
0.074	179
0.0741	167
0.0742	160
0.0743	163
0.0744	175
0.0745	187
0.0746	191
0.0747	187
0.0748	179
0.0749	173
0.075	171
0.0751	173
0.0752	179
0.0753	186
0.0754	190
0.0755	185
0.0756	174
0.0757	164
0.0758	160
0.0759	162
0.076	168
0.0761	175
0.0762	180
0.0763	179
0.0764	175
0.0765	174
0.0766	180
0.0767	190
0.0768	196
0.0769	190
0.077	179
0.0771	169
0.0772	164
0.0773	165
0.0774	167
0.0775	169
0.0776	170
0.0777	173
0.0778	177
0.0779	181
0.078	183
0.0781	178
0.0782	172
0.0783	170
0.0784	174
0.0785	180
0.0786	183
0.0787	183
0.0788	181
0.0789	179
0.079	179
0.0791	179
0.0792	177
0.0793	173
0.0794	170
0.0795	171
0.0796	177
0.0797	181
0.0798	178
0.0799	170
0.08	165
0.0801	167
0.0802	177
0.0803	187
0.0804	190
0.0805	183
0.0806	174
0.0807	167
0.0808	165
0.0809	172
0.081	186
0.0811	195
0.0812	192
0.0813	178
0.0814	164
0.0815	156
0.0816	158
0.0817	170
0.0818	183
0.0819	189
0.082	187
0.0821	180
0.0822	172
0.0823	168
0.0824	167
0.0825	173
0.0826	180
0.0827	186
0.0828	188
0.0829	184
0.083	176
0.0831	169
0.0832	168
0.0833	170
0.0834	175
0.0835	179
0.0836	180
0.0837	179
0.0838	177
0.0839	176
0.084	174
0.0841	171
0.0842	169
0.0843	171
0.0844	178
0.0845	185
0.0846	187
0.0847	185
0.0848	181
0.0849	178
0.085	177
0.0851	177
0.0852	179
0.0853	179
0.0854	177
0.0855	174
0.0856	171
0.0857	170
0.0858	170
0.0859	172
0.086	173
0.0861	173
0.0862	175
0.0863	175
0.0864	172
0.0865	169
0.0866	169
0.0867	173
0.0868	178
0.0869	182
0.087	182
0.0871	179
0.0872	176
0.0873	175
0.0874	176
0.0875	181
0.0876	186
0.0877	189
0.0878	186
0.0879	179
0.088	171
0.0881	167
0.0882	167
0.0883	172
0.0884	177
0.0885	178
0.0886	175
0.0887	170
0.0888	168
0.0889	169
0.089	174
0.0891	181
0.0892	187
0.0893	189
0.0894	185
0.0895	179
0.0896	174
0.0897	170
0.0898	171
0.0899	176
0.09	180
0.0901	183
0.0902	183
0.0903	183
0.0904	180
0.0905	174
0.0906	168
0.0907	163
0.0908	163
0.0909	169
0.091	180
0.0911	188
0.0912	186
0.0913	177
0.0914	168
0.0915	165
0.0916	168
0.0917	176
0.0918	182
0.0919	182
0.092	176
0.0921	167
0.0922	161
0.0923	162
0.0924	170
0.0925	183
0.0926	199
0.0927	209
0.0928	204
0.0929	188
0.093	169
0.0931	157
0.0932	153
0.0933	157
0.0934	167
0.0935	181
0.0936	190
0.0937	191
0.0938	186
0.0939	180
0.094	176
0.0941	175
0.0942	174
0.0943	175
0.0944	176
0.0945	176
0.0946	175
0.0947	171
0.0948	167
0.0949	168
0.095	177
0.0951	188
0.0952	192
0.0953	184
0.0954	174
0.0955	169
0.0956	175
0.0957	185
0.0958	188
0.0959	181
0.096	169
0.0961	160
0.0962	157
0.0963	161
0.0964	167
0.0965	174
0.0966	178
0.0967	181
0.0968	183
0.0969	186
0.097	185
0.0971	181
0.0972	175
0.0973	171
0.0974	170
0.0975	172
0.0976	172
0.0977	171
0.0978	170
0.0979	170
0.098	175
0.0981	179
0.0982	181
0.0983	182
0.0984	185
0.0985	187
0.0986	182
0.0987	172
0.0988	165
0.0989	163
0.099	167
0.0991	172
0.0992	175
0.0993	173
0.0994	170
0.0995	167
0.0996	167
0.0997	174
0.0998	186
0.0999	195
0.1	194
0.1	184
0.1	170
0.1	161
0.1	158
0.101	162
0.101	172
0.101	181
0.101	186
0.101	186
0.101	178
0.101	168
0.101	158
0.101	155
0.101	160
0.101	172
0.102	186
0.102	198
0.102	201
0.102	193
0.102	179
0.102	167
0.102	165
0.102	168
0.102	173
0.102	173
0.103	171
0.103	170
0.103	170
0.103	170
0.103	170
0.103	170
0.103	167
0.103	166
0.103	163
0.103	160
0.104	160
0.104	162
0.104	168
0.104	174
0.104	174
0.104	169
0.104	164
0.104	165
0.104	173
0.104	184
0.105	193
0.105	193
0.105	188
0.105	180
0.105	172
0.105	165
0.105	162
0.105	168
0.105	180
0.105	189
0.105	186
0.106	173
0.106	162
0.106	159
0.106	160
0.106	160
0.106	161
0.106	164
0.106	172
0.106	180
0.107	185
0.107	185
0.107	180
0.107	175
0.107	173
0.107	175
0.107	181
0.107	185
0.107	185
0.107	181
0.108	178
0.108	179
0.108	179
0.108	176
0.108	174
0.108	173
0.108	174
0.108	175
0.108	173
0.108	172
0.108	174
0.109	177
0.109	178
0.109	176
0.109	172
0.109	171
0.109	177
0.109	189
0.109	198
0.109	196
0.109	185
0.11	173
0.11	168
0.11	170
0.11	173
0.11	171
0.11	165
0.11	158
0.11	158
0.11	167
0.111	182
0.111	195
0.111	195
0.111	187
0.111	180
0.111	178
0.111	180
0.111	183
0.111	186
0.111	183
0.112	177
0.112	170
0.112	165
0.112	164
0.112	167
0.112	171
0.112	177
0.112	182
0.112	185
0.112	184
0.112	181
0.113	179
0.113	178
0.113	174
0.113	169
0.113	166
0.113	170
0.113	179
0.113	186
0.113	187
0.113	181
0.114	175
0.114	172
0.114	172
0.114	174
0.114	174
0.114	171
0.114	166
0.114	161
0.114	160
0.115	164
0.115	171
0.115	177
0.115	181
0.115	183
0.115	183
0.115	182
0.115	179
0.115	176
0.115	176
0.116	178
0.116	180
0.116	181
0.116	179
0.116	176
0.116	173
0.116	171
0.116	172
0.116	173
0.116	174
0.116	176
0.117	180
0.117	186
0.117	189
0.117	187
0.117	181
0.117	175
0.117	169
0.117	164
0.117	161
0.118	163
0.118	168
0.118	175
0.118	179
0.118	178
0.118	175
0.118	177
0.118	184
0.118	190
0.118	187
0.119	179
0.119	171
0.119	167
0.119	166
0.119	168
0.119	172
0.119	177
0.119	179
0.119	177
0.119	170
0.119	166
0.12	169
0.12	179
0.12	188
0.12	190
0.12	183
0.12	175
0.12	171
0.12	171
0.12	174
0.12	176
0.121	179
0.121	180
0.121	178
0.121	173
0.121	169
0.121	168
0.121	168
0.121	169
0.121	170
0.122	173
0.122	181
0.122	190
0.122	192
0.122	185
0.122	173
0.122	164
0.122	161
0.122	163
0.122	167
0.123	172
0.123	175
0.123	176
0.123	174
0.123	173
0.123	174
0.123	177
0.123	182
0.123	184
0.123	183
0.123	178
0.124	175
0.124	172
0.124	171
0.124	170
0.124	170
0.124	172
0.124	180
0.124	190
0.124	195
0.124	191
0.125	178
0.125	165
0.125	158
0.125	160
0.125	167
0.125	174
0.125	176
0.125	177
0.125	181
0.125	188
0.126	195
0.126	194
0.126	184
0.126	169
0.126	157
0.126	151
0.126	152
0.126	157
0.126	167
0.126	178
0.127	189
0.127	195
0.127	191
0.127	180
0.127	170
0.127	167
0.127	170
0.127	174
0.127	174
0.127	173
0.128	173
0.128	178
0.128	185
0.128	190
0.128	189
0.128	183
0.128	174
0.128	169
0.128	169
0.129	175
0.129	184
0.129	189
0.129	187
0.129	181
0.129	176
0.129	171
0.129	167
0.129	164
0.129	166
0.13	174
0.13	181
0.13	183
0.13	178
0.13	175
0.13	176
0.13	181
0.13	183
0.13	179
0.13	173
0.131	173
0.131	181
0.131	190
0.131	191
0.131	181
0.131	169
0.131	161
0.131	160
0.131	163
0.131	170
0.132	180
0.132	190
0.132	195
0.132	195
0.132	190
0.132	183
0.132	176
0.132	169
0.132	163
0.132	163
0.132	167
0.133	174
0.133	181
0.133	183
0.133	182
0.133	179
0.133	175
0.133	172
0.133	173
0.133	177
0.133	184
0.134	186
0.134	181
0.134	172
0.134	165
0.134	167
0.134	177
0.134	189
0.134	195
0.134	192
0.134	182
0.135	171
0.135	164
0.135	164
0.135	170
0.135	176
0.135	178
0.135	178
0.135	175
0.135	172
0.135	170
0.136	172
0.136	176
0.136	176
0.136	174
0.136	171
0.136	172
0.136	178
0.136	185
0.136	186
0.137	181
0.137	173
0.137	168
0.137	168
0.137	172
0.137	174
0.137	171
0.137	167
0.137	168
0.137	173
0.138	178
0.138	181
0.138	181
0.138	178
0.138	174
0.138	170
0.138	170
0.138	172
0.138	175
0.138	180
0.139	186
0.139	190
0.139	190
0.139	186
0.139	180
0.139	176
0.139	174
0.139	176
0.139	177
0.139	176
0.14	171
0.14	164
0.14	160
0.14	161
0.14	168
0.14	179
0.14	191
0.14	195
0.14	187
0.14	174
0.14	163
0.141	158
0.141	158
0.141	163
0.141	171
0.141	177
0.141	179
0.141	179
0.141	177
0.141	176
0.141	175
0.142	177
0.142	180
0.142	180
0.142	180
0.142	181
0.142	183
0.142	183
0.142	180
0.142	175
0.142	170
0.143	167
0.143	171
0.143	182
0.143	194
0.143	198
0.143	189
0.143	175
0.143	160
0.143	151
0.144	153
0.144	164
0.144	179
0.144	190
0.144	191
0.144	185
0.144	177
0.144	172
0.144	174
0.144	179
0.145	182
0.145	179
0.145	172
0.145	164
0.145	159
0.145	161
0.145	170
0.145	181
0.145	188
0.145	187
0.146	183
0.146	181
0.146	180
0.146	178
0.146	176
0.146	173
0.146	171
0.146	168
0.146	166
0.146	168
0.147	173
0.147	181
0.147	186
0.147	189
0.147	189
0.147	189
0.147	186
0.147	180
0.147	173
0.147	170
0.147	169
0.148	168
0.148	169
0.148	173
0.148	181
0.148	188
0.148	188
0.148	181
0.148	169
0.148	161
0.148	163
0.149	173
0.149	185
0.149	189
0.149	183
0.149	171
0.149	163
0.149	164
0.149	172
0.149	177
0.149	176
0.15	172
0.15	170
0.15	170
0.15	173
0.15	177
0.15	179
0.15	178
0.15	175
0.15	176
0.151	179
0.151	184
0.151	185
0.151	179
0.151	170
0.151	162
0.151	161
0.151	167
0.151	177
0.151	186
0.152	188
0.152	180
0.152	169
0.152	161
0.152	160
0.152	168
0.152	180
0.152	189
0.152	190
0.152	186
0.153	184
0.153	185
0.153	185
0.153	183
0.153	179
0.153	174
0.153	170
0.153	168
0.153	172
0.153	177
0.154	181
0.154	181
0.154	180
0.154	179
0.154	178
0.154	177
0.154	176
0.154	176
0.154	174
0.154	170
0.154	166
0.155	167
0.155	173
0.155	182
0.155	191
0.155	195
0.155	192
0.155	180
0.155	167
0.155	160
0.155	162
0.156	171
0.156	178
0.156	179
0.156	175
0.156	171
0.156	172
0.156	178
0.156	185
0.156	190
0.156	190
0.157	187
0.157	185
0.157	183
0.157	182
0.157	178
0.157	174
0.157	169
0.157	166
0.157	168
0.157	175
0.158	184
0.158	194
0.158	198
0.158	194
0.158	183
0.158	172
0.158	165
0.158	163
0.158	167
0.159	174
0.159	182
0.159	187
0.159	186
0.159	181
0.159	176
0.159	173
0.159	171
0.159	169
0.159	170
0.16	175
0.16	183
0.16	189
0.16	190
0.16	185
0.16	180
0.16	174
0.16	169
0.16	168
0.16	171
0.161	176
0.161	179
0.161	178
0.161	174
0.161	172
0.161	172
0.161	174
0.161	177
0.161	177
0.161	175
0.162	174
0.162	175
0.162	177
0.162	180
0.162	181
0.162	177
0.162	172
0.162	170
0.162	175
0.162	183
0.162	187
0.163	183
0.163	175
0.163	170
0.163	172
0.163	180
0.163	191
0.163	200
0.163	199
0.163	187
0.163	171
0.164	158
0.164	152
0.164	158
0.164	174
0.164	189
0.164	193
0.164	184
0.164	171
0.164	163
0.164	164
0.165	171
0.165	178
0.165	179
0.165	175
0.165	171
0.165	170
0.165	173
0.165	178
0.165	181
0.166	181
0.166	180
0.166	179
0.166	181
0.166	185
0.166	186
0.166	183
0.166	175
0.166	168
0.166	165
0.167	165
0.167	170
0.167	176
0.167	180
0.167	181
0.167	179
0.167	176
0.167	174
0.167	173
0.167	174
0.168	174
0.168	173
0.168	171
0.168	171
0.168	174
0.168	179
0.168	181
0.168	179
0.168	177
0.168	176
0.169	175
0.169	175
0.169	175
0.169	178
0.169	183
0.169	186
0.169	180
0.169	167
0.169	154
0.169	149
0.169	154
0.17	163
0.17	173
0.17	182
0.17	191
0.17	197
0.17	196
0.17	187
0.17	176
0.17	167
0.17	164
0.171	166
0.171	168
0.171	168
0.171	167
0.171	169
0.171	177
0.171	187
0.171	193
0.171	191
0.171	183
0.172	176
0.172	172
0.172	172
0.172	171
0.172	170
0.172	171
0.172	173
0.172	176
0.172	178
0.172	178
0.173	172
0.173	164
0.173	159
0.173	163
0.173	171
0.173	179
0.173	184
0.173	186
0.173	189
0.174	190
0.174	187
0.174	181
0.174	174
0.174	168
0.174	167
0.174	170
0.174	175
0.174	179
0.174	179
0.175	177
0.175	175
0.175	176
0.175	179
0.175	184
0.175	188
0.175	188
0.175	182
0.175	175
0.175	168
0.176	162
0.176	161
0.176	167
0.176	179
0.176	189
0.176	191
0.176	185
0.176	176
0.176	170
0.176	172
0.176	177
0.177	180
0.177	181
0.177	181
0.177	180
0.177	177
0.177	172
0.177	168
0.177	168
0.177	173
0.177	177
0.178	176
0.178	172
0.178	169
0.178	168
0.178	169
0.178	170
0.178	173
0.178	176
0.178	177
0.178	176
0.179	173
0.179	172
0.179	174
0.179	179
0.179	184
0.179	185
0.179	181
0.179	175
0.179	171
0.179	171
0.18	176
0.18	183
0.18	185
0.18	182
0.18	176
0.18	172
0.18	171
0.18	173
0.18	173
0.181	171
0.181	167
0.181	166
0.181	172
0.181	183
0.181	191
0.181	190
0.181	183
0.181	174
0.181	169
0.182	167
0.182	166
0.182	164
0.182	164
0.182	169
0.182	176
0.182	179
0.182	180
0.182	181
0.182	184
0.183	185
0.183	181
0.183	173
0.183	166
0.183	165
0.183	169
0.183	177
0.183	183
0.183	185
0.183	182
0.184	176
0.184	173
0.184	174
0.184	178
0.184	184
0.184	188
0.184	186
0.184	179
0.184	172
0.184	167
0.184	166
0.185	168
0.185	173
0.185	177
0.185	179
0.185	179
0.185	177
0.185	178
0.185	183
0.185	186
0.185	186
0.186	180
0.186	172
0.186	167
0.186	166
0.186	168
0.186	169
0.186	168
0.186	168
0.186	171
0.186	175
0.187	177
0.187	183
0.187	190
0.187	192
0.187	185
0.187	174
0.187	163
0.187	157
0.187	159
0.188	168
0.188	178
0.188	181
0.188	180
0.188	180
0.188	180
0.188	180
0.188	178
0.188	176
0.188	174
0.189	173
0.189	171
0.189	168
0.189	166
0.189	165
0.189	169
0.189	176
0.189	182
0.189	183
0.189	181
0.19	177
0.19	174
0.19	171
0.19	168
0.19	168
0.19	168
0.19	168
0.19	170
0.19	172
0.19	174
0.191	174
0.191	173
0.191	174
0.191	177
0.191	183
0.191	187
0.191	185
0.191	180
0.191	175
0.191	174
0.191	174
0.192	175
0.192	175
0.192	176
0.192	179
0.192	183
0.192	188
0.192	191
0.192	188
0.192	179
0.192	170
0.193	163
0.193	160
0.193	163
0.193	170
0.193	176
0.193	181
0.193	183
0.193	184
0.193	182
0.193	179
0.194	177
0.194	176
0.194	174
0.194	172
0.194	169
0.194	169
0.194	172
0.194	180
0.194	187
0.194	188
0.195	182
0.195	175
0.195	170
0.195	171
0.195	173
0.195	175
0.195	176
0.195	176
0.195	174
0.196	170
0.196	167
0.196	167
0.196	168
0.196	172
0.196	176
0.196	178
0.196	178
0.196	175
0.196	173
0.197	172
0.197	170
0.197	169
0.197	169
0.197	172
0.197	177
0.197	183
0.197	186
0.197	185
0.197	182
0.198	180
0.198	180
0.198	181
0.198	179
0.198	175
0.198	168
0.198	163
0.198	161
0.198	166
0.198	178
0.199	188
0.199	189
0.199	180
0.199	170
0.199	164
0.199	165
0.199	170
0.199	177
0.199	181
0.199	181
0.199	177
0.2	171
0.2	168
0.2	169
0.2	173
0.2	177
0.2	178
0.2	178
0.2	178
0.2	178
0.2	179
0.201	177
0.201	174
0.201	172
0.201	174
0.201	179
0.201	185
0.201	190
0.201	190
0.201	183
0.201	173
0.202	167
0.202	167
0.202	171
0.202	174
0.202	174
0.202	171
0.202	171
0.202	175
0.202	180
0.203	183
0.203	182
0.203	178
0.203	173
0.203	168
0.203	166
0.203	168
0.203	171
0.203	174
0.203	177
0.204	181
0.204	185
0.204	185
0.204	182
0.204	181
0.204	184
0.204	187
0.204	188
0.204	185
0.204	179
0.205	172
0.205	168
0.205	169
0.205	177
0.205	184
0.205	184
0.205	178
0.205	171
0.205	168
0.205	169
0.206	171
0.206	174
0.206	176
0.206	177
0.206	178
0.206	177
0.206	180
0.206	187
0.206	193
0.206	193
0.206	186
0.207	175
0.207	165
0.207	159
0.207	158
0.207	159
0.207	162
0.207	167
0.207	175
0.207	180
0.207	180
0.208	177
0.208	178
0.208	181
0.208	183
0.208	181
0.208	177
0.208	175
0.208	175
0.208	174
0.208	172
0.209	168
0.209	167
0.209	169
0.209	173
0.209	175
0.209	176
0.209	174
0.209	172
0.209	174
0.21	181
0.21	188
0.21	189
0.21	185
0.21	178
0.21	172
0.21	168
0.21	167
0.21	170
0.21	174
0.211	176
0.211	174
0.211	173
0.211	172
0.211	170
0.211	167
0.211	167
0.211	172
0.211	182
0.211	187
0.212	186
0.212	182
0.212	178
0.212	172
0.212	166
0.212	163
0.212	165
0.212	171
0.212	179
0.212	183
0.213	181
0.213	175
0.213	171
0.213	172
0.213	179
0.213	185
0.213	187
0.213	183
0.213	176
0.213	173
0.213	175
0.214	179
0.214	178
0.214	172
0.214	166
0.214	165
0.214	170
0.214	178
0.214	184
0.214	184
0.214	180
0.215	174
0.215	170
0.215	167
0.215	165
0.215	166
0.215	167
0.215	169
0.215	174
0.215	181
0.215	190
0.216	195
0.216	195
0.216	188
0.216	176
0.216	165
0.216	158
0.216	163
0.216	174
0.216	183
0.216	183
0.217	174
0.217	165
0.217	162
0.217	165
0.217	170
0.217	175
0.217	179
0.217	181
0.217	181
0.218	179
0.218	176
0.218	174
0.218	174
0.218	176
0.218	178
0.218	179
0.218	178
0.218	175
0.218	174
0.219	176
0.219	180
0.219	183
0.219	181
0.219	177
0.219	174
0.219	174
0.219	175
0.219	176
0.219	177
0.22	177
0.22	176
0.22	176
0.22	176
0.22	176
0.22	175
0.22	172
0.22	172
0.22	174
0.22	179
0.221	183
0.221	187
0.221	188
0.221	185
0.221	178
0.221	168
0.221	160
0.221	158
0.221	164
0.221	174
0.221	181
0.222	181
0.222	174
0.222	170
0.222	173
0.222	181
0.222	189
0.222	191
0.222	188
0.222	180
0.222	172
0.223	168
0.223	168
0.223	168
0.223	168
0.223	168
0.223	169
0.223	172
0.223	180
0.223	190
0.223	199
0.224	198
0.224	188
0.224	174
0.224	163
0.224	159
0.224	160
0.224	165
0.224	169
0.224	172
0.225	176
0.225	182
0.225	188
0.225	190
0.225	187
0.225	180
0.225	176
0.225	178
0.225	184
0.225	186
0.226	182
0.226	173
0.226	163
0.226	159
0.226	163
0.226	177
0.226	190
0.226	195
0.226	190
0.226	180
0.227	170
0.227	165
0.227	166
0.227	171
0.227	172
0.227	167
0.227	163
0.227	169
0.227	186
0.227	202
0.228	206
0.228	196
0.228	179
0.228	165
0.228	158
0.228	163
0.228	176
0.228	187
0.228	188
0.228	180
0.228	171
0.229	167
0.229	169
0.229	173
0.229	177
0.229	178
0.229	177
0.229	176
0.229	175
0.229	174
0.229	175
0.23	177
0.23	178
0.23	176
0.23	171
0.23	167
0.23	167
0.23	170
0.23	175
0.23	179
0.23	182
0.231	183
0.231	181
0.231	179
0.231	177
0.231	175
0.231	174
0.231	172
0.231	171
0.231	174
0.232	180
0.232	185
0.232	185
0.232	181
0.232	176
0.232	173
0.232	171
0.232	167
0.232	162
0.232	160
0.233	162
0.233	166
0.233	168
0.233	168
0.233	167
0.233	173
0.233	184
0.233	194
0.233	192
0.233	180
0.234	167
0.234	161
0.234	163
0.234	170
0.234	175
0.234	176
0.234	174
0.234	170
0.234	168
0.234	170
0.235	176
0.235	182
0.235	188
0.235	189
0.235	184
0.235	178
0.235	175
0.235	172
0.235	169
0.235	166
0.235	167
0.236	173
0.236	181
0.236	186
0.236	189
0.236	187
0.236	182
0.236	174
0.236	167
0.236	163
0.236	164
0.237	170
0.237	178
0.237	182
0.237	180
0.237	177
0.237	178
0.237	181
0.237	180
0.237	174
0.237	166
0.238	162
0.238	162
0.238	167
0.238	177
0.238	185
0.238	185
0.238	176
0.238	165
0.238	161
0.238	165
0.239	174
0.239	181
0.239	180
0.239	175
0.239	169
0.239	165
0.239	165
0.239	173
0.239	184
0.24	192
0.24	191
0.24	186
0.24	181
0.24	180
0.24	179
0.24	179
0.24	178
0.24	176
0.24	173
0.241	169
0.241	170
0.241	176
0.241	184
0.241	189
0.241	189
0.241	184
0.241	177
0.241	170
0.241	168
0.242	171
0.242	175
0.242	175
0.242	170
0.242	162
0.242	159
0.242	162
0.242	172
0.242	182
0.242	184
0.243	179
0.243	173
0.243	169
0.243	167
0.243	169
0.243	177
0.243	184
0.243	188
0.243	186
0.243	178
0.243	171
0.244	168
0.244	170
0.244	174
0.244	178
0.244	179
0.244	177
0.244	174
0.244	169
0.244	166
0.244	168
0.245	176
0.245	182
0.245	183
0.245	181
0.245	181
0.245	182
0.245	181
0.245	176
0.245	170
0.245	166
0.246	167
0.246	170
0.246	176
0.246	181
0.246	181
0.246	179
0.246	175
0.246	173
0.246	174
0.247	180
0.247	186
0.247	189
0.247	188
0.247	184
0.247	180
0.247	175
0.247	171
0.247	170
0.247	170
0.248	170
0.248	174
0.248	179
0.248	182
0.248	181
0.248	178
0.248	177
0.248	176
0.248	177
0.248	179
0.249	179
0.249	177
0.249	173
0.249	168
0.249	167
0.249	168
0.249	174
0.249	179
0.249	183
0.249	186
0.25	188
0.25	188
0.25	185
0.25	179
0.25	172
0.25	166
0.25	164
0.25	165
0.25	173
0.25	186
0.25	197
0.251	200
0.251	193
0.251	181
0.251	171
0.251	164
0.251	163
0.251	164
0.251	167
0.251	173
0.252	181
0.252	191
0.252	196
0.252	194
0.252	184
0.252	172
0.252	160
0.252	154
0.252	154
0.252	160
0.252	167
0.253	172
0.253	174
0.253	175
0.253	178
0.253	182
0.253	184
0.253	184
0.253	181
0.253	177
0.254	176
0.254	173
0.254	166
0.254	158
0.254	154
0.254	158
0.254	168
0.254	179
0.254	187
0.254	190
0.255	187
0.255	181
0.255	174
0.255	172
0.255	172
0.255	176
0.255	182
0.255	187
0.255	186
0.255	179
0.255	172
0.256	172
0.256	177
0.256	182
0.256	181
0.256	174
0.256	167
0.256	165
0.256	169
0.256	176
0.257	180
0.257	180
0.257	176
0.257	171
0.257	170
0.257	171
0.257	174
0.257	176
0.257	176
0.257	175
0.257	172
0.258	167
0.258	162
0.258	161
0.258	165
0.258	170
0.258	175
0.258	179
0.258	180
0.258	179
0.259	178
0.259	181
0.259	183
0.259	181
0.259	175
0.259	168
0.259	166
0.259	168
0.259	174
0.259	183
0.259	191
0.26	195
0.26	193
0.26	186
0.26	180
0.26	175
0.26	172
0.26	173
0.26	178
0.26	182
0.261	180
0.261	174
0.261	169
0.261	168
0.261	171
0.261	172
0.261	170
0.261	170
0.261	176
0.261	184
0.262	189
0.262	186
0.262	179
0.262	175
0.262	177
0.262	181
0.262	181
0.262	176
0.262	168
0.262	160
0.262	156
0.263	159
0.263	170
0.263	181
0.263	189
0.263	189
0.263	184
0.263	179
0.263	177
0.263	176
0.264	176
0.264	176
0.264	176
0.264	174
0.264	170
0.264	166
0.264	162
0.264	162
0.264	165
0.264	171
0.264	177
0.265	180
0.265	182
0.265	183
0.265	184
0.265	182
0.265	177
0.265	172
0.265	172
0.265	174
0.266	173
0.266	170
0.266	168
0.266	169
0.266	175
0.266	183
0.266	190
0.266	190
0.266	182
0.266	171
0.266	162
0.267	159
0.267	162
0.267	175
0.267	190
0.267	200
0.267	199
0.267	188
0.267	175
0.267	163
0.268	159
0.268	163
0.268	174
0.268	184
0.268	186
0.268	180
0.268	172
0.268	169
0.268	172
0.268	177
0.269	181
0.269	183
0.269	180
0.269	176
0.269	174
0.269	177
0.269	182
0.269	183
0.269	179
0.269	174
0.269	170
0.27	170
0.27	173
0.27	178
0.27	179
0.27	174
0.27	168
0.27	166
0.27	171
0.27	180
0.271	185
0.271	182
0.271	175
0.271	170
0.271	172
0.271	177
0.271	179
0.271	180
0.271	180
0.271	177
0.271	174
0.272	173
0.272	176
0.272	182
0.272	189
0.272	193
0.272	191
0.272	181
0.272	168
0.272	157
0.273	153
0.273	160
0.273	172
0.273	184
0.273	190
0.273	189
0.273	186
0.273	178
0.273	170
0.273	165
0.273	165
0.274	170
0.274	177
0.274	186
0.274	194
0.274	196
0.274	189
0.274	178
0.274	168
0.274	162
0.275	161
0.275	165
0.275	173
0.275	178
0.275	178
0.275	174
0.275	173
0.275	178
0.275	189
0.275	200
0.276	202
0.276	193
0.276	177
0.276	164
0.276	157
0.276	160
0.276	167
0.276	172
0.276	174
0.276	174
0.276	174
0.277	177
0.277	180
0.277	181
0.277	181
0.277	179
0.277	177
0.277	174
0.277	170
0.277	168
0.278	167
0.278	170
0.278	172
0.278	175
0.278	177
0.278	177
0.278	179
0.278	182
0.278	184
0.278	180
0.278	173
0.279	167
0.279	167
0.279	173
0.279	180
0.279	183
0.279	179
0.279	173
0.279	171
0.279	174
0.28	179
0.28	182
0.28	182
0.28	180
0.28	179
0.28	180
0.28	181
0.28	178
0.28	173
0.28	170
0.28	173
0.281	180
0.281	184
0.281	182
0.281	174
0.281	168
0.281	166
0.281	171
0.281	180
0.281	187
0.282	189
0.282	185
0.282	177
0.282	169
0.282	164
0.282	165
0.282	168
0.282	170
0.282	171
0.282	171
0.282	175
0.283	183
0.283	193
0.283	200
0.283	199
0.283	189
0.283	174
0.283	160
0.283	152
0.283	152
0.283	158
0.284	166
0.284	173
0.284	182
0.284	195
0.284	202
0.284	197
0.284	183
0.284	167
0.284	156
0.285	154
0.285	162
0.285	175
0.285	186
0.285	190
0.285	188
0.285	179
0.285	170
0.285	165
0.285	166
0.285	174
0.286	184
0.286	188
0.286	186
0.286	180
0.286	174
0.286	168
0.286	164
0.286	164
0.286	165
0.287	166
0.287	165
0.287	164
0.287	165
0.287	170
0.287	179
0.287	188
0.287	190
0.287	187
0.287	181
0.287	176
0.288	172
0.288	170
0.288	169
0.288	170
0.288	172
0.288	175
0.288	179
0.288	186
0.288	191
0.289	190
0.289	183
0.289	176
0.289	173
0.289	173
0.289	175
0.289	176
0.289	177
0.289	178
0.289	180
0.289	183
0.29	184
0.29	183
0.29	179
0.29	172
0.29	165
0.29	164
0.29	172
0.29	187
0.29	197
0.29	194
0.291	181
0.291	165
0.291	155
0.291	154
0.291	164
0.291	179
0.291	188
0.291	188
0.291	184
0.292	180
0.292	177
0.292	175
0.292	174
0.292	171
0.292	167
0.292	161
0.292	159
0.292	162
0.292	170
0.292	179
0.293	186
0.293	188
0.293	186
0.293	183
0.293	180
0.293	178
0.293	177
0.293	178
0.293	177
0.294	173
0.294	166
0.294	162
0.294	165
0.294	177
0.294	190
0.294	191
0.294	183
0.294	172
0.294	166
0.294	168
0.295	174
0.295	179
0.295	181
0.295	181
0.295	180
0.295	179
0.295	176
0.295	172
0.295	166
0.296	162
0.296	161
0.296	167
0.296	179
0.296	190
0.296	194
0.296	189
0.296	178
0.296	167
0.296	160
0.296	157
0.297	163
0.297	174
0.297	186
0.297	190
0.297	185
0.297	179
0.297	179
0.297	184
0.297	189
0.298	189
0.298	181
0.298	169
0.298	160
0.298	158
0.298	165
0.298	174
0.298	180
0.298	181
0.298	178
0.299	176
0.299	174
0.299	175
0.299	175
0.299	173
0.299	170
0.299	168
0.299	171
0.299	177
0.299	183
0.299	183
0.3	180
0.3	174
0.3	170
0.3	168
0.3	168
0.3	172
0.3	178
0.3	184
0.3	184
0.301	180
0.301	177
0.301	176
0.301	178
0.301	177
0.301	173
0.301	167
0.301	163
0.301	164
0.301	171
0.301	180
0.302	184
0.302	180
0.302	172
0.302	166
0.302	165
0.302	167
0.302	174
0.302	181
0.302	184
0.303	181
0.303	174
0.303	167
0.303	165
0.303	170
0.303	180
0.303	190
0.303	191
0.303	185
0.303	178
0.303	174
0.304	176
0.304	180
0.304	181
0.304	177
0.304	170
0.304	168
0.304	173
0.304	183
0.304	188
0.305	185
0.305	176
0.305	166
0.305	160
0.305	160
0.305	165
0.305	174
0.305	181
0.305	183
0.305	179
0.306	172
0.306	166
0.306	165
0.306	175
0.306	192
0.306	205
0.306	202
0.306	187
0.306	170
0.306	161
0.306	160
0.307	165
0.307	170
0.307	173
0.307	176
0.307	181
0.307	186
0.307	184
0.307	177
0.307	170
0.308	167
0.308	172
0.308	179
0.308	184
0.308	182
0.308	176
0.308	170
0.308	168
0.308	172
0.308	176
0.308	175
0.309	173
0.309	174
0.309	177
0.309	177
0.309	172
0.309	168
0.309	168
0.309	175
0.309	186
0.31	196
0.31	197
0.31	190
0.31	179
0.31	171
0.31	165
0.31	162
0.31	161
0.31	164
0.31	168
0.31	173
0.311	178
0.311	181
0.311	183
0.311	180
0.311	174
0.311	170
0.311	172
0.311	177
0.311	179
0.312	178
0.312	175
0.312	173
0.312	171
0.312	172
0.312	172
0.312	170
0.312	168
0.312	169
0.312	173
0.313	179
0.313	184
0.313	188
0.313	189
0.313	185
0.313	177
0.313	171
0.313	168
0.313	169
0.313	172
0.313	175
0.314	177
0.314	178
0.314	178
0.314	177
0.314	174
0.314	172
0.314	171
0.314	172
0.314	173
0.315	173
0.315	172
0.315	171
0.315	172
0.315	175
0.315	177
0.315	178
0.315	177
0.315	177
0.315	176
0.315	175
0.316	172
0.316	171
0.316	174
0.316	180
0.316	184
0.316	184
0.316	178
0.316	172
0.316	169
0.317	172
0.317	176
0.317	177
0.317	177
0.317	177
0.317	177
0.317	177
0.317	179
0.317	181
0.317	181
0.317	176
0.318	172
0.318	174
0.318	182
0.318	186
0.318	182
0.318	175
0.318	169
0.318	166
0.318	167
0.319	170
0.319	177
0.319	182
0.319	182
0.319	177
0.319	173
0.319	173
0.319	181
0.319	191
0.319	193
0.319	183
0.32	170
0.32	160
0.32	156
0.32	160
0.32	171
0.32	184
0.32	192
0.32	189
0.32	183
0.32	179
0.321	178
0.321	178
0.321	179
0.321	181
0.321	182
0.321	179
0.321	175
0.321	169
0.321	165
0.322	162
0.322	163
0.322	168
0.322	177
0.322	182
0.322	180
0.322	176
0.322	174
0.322	176
0.322	181
0.322	186
0.323	190
0.323	190
0.323	185
0.323	176
0.323	166
0.323	161
0.323	161
0.323	163
0.323	162
0.324	157
0.324	155
0.324	158
0.324	165
0.324	174
0.324	180
0.324	182
0.324	182
0.324	183
0.324	188
0.324	192
0.325	191
0.325	183
0.325	174
0.325	169
0.325	168
0.325	171
0.325	172
0.325	171
0.325	172
0.326	176
0.326	183
0.326	188
0.326	186
0.326	178
0.326	172
0.326	168
0.326	168
0.326	171
0.326	174
0.326	174
0.327	173
0.327	172
0.327	174
0.327	178
0.327	183
0.327	183
0.327	180
0.327	174
0.327	168
0.327	165
0.328	167
0.328	173
0.328	179
0.328	183
0.328	183
0.328	181
0.328	180
0.328	181
0.328	182
0.329	181
0.329	178
0.329	172
0.329	166
0.329	163
0.329	167
0.329	178
0.329	189
0.329	193
0.329	190
0.329	185
0.33	181
0.33	176
0.33	169
0.33	163
0.33	158
0.33	158
0.33	160
0.33	166
0.33	174
0.331	181
0.331	184
0.331	182
0.331	179
0.331	177
0.331	178
0.331	183
0.331	189
0.331	190
0.331	183
0.331	172
0.332	163
0.332	163
0.332	172
0.332	183
0.332	190
0.332	188
0.332	180
0.332	170
0.332	162
0.333	160
0.333	166
0.333	179
0.333	190
0.333	195
0.333	190
0.333	182
0.333	173
0.333	168
0.333	167
0.333	170
0.334	176
0.334	179
0.334	180
0.334	177
0.334	172
0.334	168
0.334	168
0.334	172
0.334	177
0.335	179
0.335	181
0.335	184
0.335	188
0.335	194
0.335	196
0.335	191
0.335	181
0.335	169
0.335	161
0.336	158
0.336	163
0.336	172
0.336	181
0.336	185
0.336	184
0.336	181
0.336	179
0.336	178
0.336	176
0.336	176
0.337	177
0.337	179
0.337	177
0.337	175
0.337	172
0.337	167
0.337	162
0.337	158
0.337	160
0.338	169
0.338	181
0.338	187
0.338	187
0.338	183
0.338	180
0.338	181
0.338	185
0.338	188
0.338	184
0.338	175
0.339	165
0.339	160
0.339	160
0.339	166
0.339	177
0.339	186
0.339	188
0.339	185
0.339	181
0.34	180
0.34	180
0.34	179
0.34	172
0.34	165
0.34	160
0.34	163
0.34	177
0.34	192
0.34	195
0.34	187
0.341	174
0.341	165
0.341	162
0.341	167
0.341	175
0.341	181
0.341	182
0.341	179
0.341	174
0.342	171
0.342	172
0.342	177
0.342	181
0.342	180
0.342	174
0.342	168
0.342	168
0.342	172
0.342	175
0.343	174
0.343	172
0.343	172
0.343	174
0.343	177
0.343	183
0.343	187
0.343	185
0.343	179
0.343	172
0.343	167
0.344	167
0.344	172
0.344	178
0.344	182
0.344	183
0.344	185
0.344	187
0.344	187
0.344	182
0.345	174
0.345	168
0.345	166
0.345	169
0.345	175
0.345	183
0.345	189
0.345	190
0.345	185
0.345	179
0.345	174
0.346	170
0.346	167
0.346	167
0.346	169
0.346	176
0.346	185
0.346	194
0.346	195
0.346	188
0.347	178
0.347	170
0.347	165
0.347	163
0.347	165
0.347	170
0.347	176
0.347	179
0.347	180
0.347	181
0.347	184
0.348	185
0.348	184
0.348	179
0.348	175
0.348	176
0.348	184
0.348	193
0.348	192
0.348	182
0.349	169
0.349	159
0.349	157
0.349	163
0.349	171
0.349	179
0.349	184
0.349	187
0.349	188
0.349	185
0.35	180
0.35	174
0.35	169
0.35	168
0.35	172
0.35	180
0.35	188
0.35	190
0.35	184
0.35	177
0.35	174
0.351	171
0.351	169
0.351	167
0.351	166
0.351	167
0.351	171
0.351	177
0.351	184
0.351	187
0.352	186
0.352	181
0.352	174
0.352	167
0.352	165
0.352	170
0.352	180
0.352	190
0.352	192
0.352	184
0.352	173
0.353	166
0.353	165
0.353	168
0.353	172
0.353	173
0.353	176
0.353	181
0.353	188
0.353	190
0.354	187
0.354	178
0.354	170
0.354	166
0.354	168
0.354	173
0.354	179
0.354	181
0.354	179
0.354	174
0.354	171
0.355	174
0.355	180
0.355	184
0.355	184
0.355	183
0.355	183
0.355	183
0.355	178
0.355	173
0.356	173
0.356	174
0.356	173
0.356	169
0.356	166
0.356	165
0.356	167
0.356	171
0.356	174
0.356	176
0.357	177
0.357	179
0.357	181
0.357	180
0.357	177
0.357	174
0.357	173
0.357	173
0.357	173
0.357	176
0.357	184
0.358	190
0.358	190
0.358	184
0.358	178
0.358	175
0.358	174
0.358	175
0.358	176
0.358	174
0.359	170
0.359	167
0.359	167
0.359	171
0.359	174
0.359	176
0.359	177
0.359	178
0.359	180
0.359	182
0.359	183
0.36	183
0.36	181
0.36	177
0.36	176
0.36	177
0.36	179
0.36	180
0.36	177
0.36	171
0.361	166
0.361	164
0.361	168
0.361	172
0.361	173
0.361	174
0.361	174
0.361	174
0.361	172
0.361	169
0.361	173
0.362	182
0.362	186
0.362	179
0.362	168
0.362	161
0.362	162
0.362	167
0.362	175
0.362	186
0.363	196
0.363	198
0.363	190
0.363	176
0.363	164
0.363	160
0.363	164
0.363	172
0.363	178
0.363	181
0.363	182
0.364	179
0.364	175
0.364	172
0.364	171
0.364	170
0.364	171
0.364	174
0.364	177
0.364	182
0.364	183
0.365	180
0.365	173
0.365	165
0.365	161
0.365	166
0.365	175
0.365	179
0.365	178
0.365	176
0.366	177
0.366	179
0.366	180
0.366	178
0.366	175
0.366	171
0.366	168
0.366	165
0.366	164
0.366	167
0.366	175
0.367	186
0.367	193
0.367	193
0.367	184
0.367	172
0.367	165
0.367	166
0.367	172
0.367	177
0.368	177
0.368	175
0.368	174
0.368	177
0.368	186
0.368	192
0.368	188
0.368	173
0.368	159
0.368	153
0.368	158
0.369	168
0.369	176
0.369	179
0.369	179
0.369	179
0.369	181
0.369	183
0.369	184
0.369	184
0.37	183
0.37	178
0.37	173
0.37	170
0.37	172
0.37	178
0.37	185
0.37	188
0.37	184
0.37	174
0.37	165
0.371	165
0.371	172
0.371	180
0.371	182
0.371	176
0.371	168
0.371	164
0.371	166
0.371	174
0.371	182
0.372	187
0.372	186
0.372	180
0.372	174
0.372	169
0.372	170
0.372	174
0.372	182
0.372	188
0.373	192
0.373	191
0.373	187
0.373	179
0.373	171
0.373	163
0.373	161
0.373	165
0.373	176
0.373	188
0.373	194
0.374	190
0.374	177
0.374	164
0.374	157
0.374	159
0.374	167
0.374	179
0.374	188
0.374	190
0.375	185
0.375	177
0.375	169
0.375	164
0.375	163
0.375	165
0.375	168
0.375	173
0.375	175
0.375	175
0.375	177
0.376	181
0.376	183
0.376	182
0.376	177
0.376	170
0.376	163
0.376	158
0.376	158
0.376	161
0.377	168
0.377	174
0.377	178
0.377	177
0.377	176
0.377	176
0.377	178
0.377	181
0.377	184
0.377	188
0.377	191
0.378	188
0.378	178
0.378	167
0.378	162
0.378	162
0.378	165
0.378	168
0.378	174
0.378	182
0.379	188
0.379	186
0.379	179
0.379	170
0.379	164
0.379	163
0.379	168
0.379	174
0.379	177
0.379	177
0.38	176
0.38	174
0.38	174
0.38	179
0.38	187
0.38	189
0.38	184
0.38	176
0.38	168
0.38	163
0.38	163
0.381	167
0.381	174
0.381	177
0.381	175
0.381	169
0.381	166
0.381	169
0.381	174
0.381	179
0.382	183
0.382	184
0.382	183
0.382	178
0.382	173
0.382	167
0.382	163
0.382	162
0.382	164
0.382	170
0.382	179
0.383	185
0.383	187
0.383	185
0.383	180
0.383	174
0.383	168
0.383	163
0.383	161
0.383	163
0.384	170
0.384	175
0.384	175
0.384	172
0.384	172
0.384	177
0.384	183
0.384	186
0.384	185
0.384	182
0.384	177
0.385	174
0.385	172
0.385	170
0.385	168
0.385	167
0.385	167
0.385	170
0.385	175
0.385	178
0.386	176
0.386	172
0.386	170
0.386	172
0.386	179
0.386	186
0.386	187
0.386	181
0.386	173
0.386	167
0.387	167
0.387	169
0.387	174
0.387	178
0.387	182
0.387	182
0.387	178
0.387	172
0.387	168
0.387	170
0.387	178
0.388	186
0.388	187
0.388	182
0.388	176
0.388	172
0.388	173
0.388	174
0.388	174
0.388	173
0.389	173
0.389	177
0.389	184
0.389	192
0.389	196
0.389	193
0.389	183
0.389	171
0.389	161
0.389	158
0.389	161
0.39	168
0.39	176
0.39	178
0.39	177
0.39	175
0.39	174
0.39	176
0.39	180
0.39	184
0.391	186
0.391	181
0.391	173
0.391	165
0.391	162
0.391	165
0.391	174
0.391	184
0.391	187
0.391	183
0.391	176
0.392	172
0.392	171
0.392	172
0.392	176
0.392	180
0.392	183
0.392	183
0.392	179
0.392	172
0.393	166
0.393	163
0.393	164
0.393	169
0.393	176
0.393	184
0.393	188
0.393	189
0.393	186
0.393	180
0.394	171
0.394	163
0.394	158
0.394	162
0.394	172
0.394	183
0.394	189
0.394	188
0.394	185
0.394	179
0.394	174
0.395	172
0.395	173
0.395	176
0.395	179
0.395	178
0.395	175
0.395	170
0.395	169
0.395	173
0.396	181
0.396	187
0.396	185
0.396	178
0.396	172
0.396	170
0.396	168
0.396	168
0.396	169
0.396	171
0.396	173
0.397	176
0.397	184
0.397	194
0.397	199
0.397	196
0.397	184
0.397	171
0.397	163
0.397	163
0.398	172
0.398	184
0.398	192
0.398	192
0.398	188
0.398	180
0.398	167
0.398	153
0.398	144
0.398	146
0.398	158
0.399	173
0.399	184
0.399	190
0.399	193
0.399	195
0.399	192
0.399	184
0.399	175
0.399	168
0.4	165
0.4	165
0.4	167
0.4	170
0.4	174
0.4	177
0.4	177
0.4	175
0.4	172
0.4	173
0.401	176
0.401	179
0.401	179
0.401	177
0.401	176
0.401	177
0.401	178
0.401	176
0.401	173
0.401	172
0.401	174
0.402	179
0.402	186
0.402	188
0.402	184
0.402	178
0.402	174
0.402	174
0.402	176
0.402	181
0.403	184
0.403	183
0.403	179
0.403	174
0.403	172
0.403	172
0.403	172
0.403	170
0.403	168
0.403	167
0.403	165
0.404	166
0.404	170
0.404	179
0.404	188
0.404	191
0.404	185
0.404	174
0.404	164
0.404	159
0.405	162
0.405	169
0.405	175
0.405	177
0.405	175
0.405	171
0.405	170
0.405	178
0.405	191
0.405	200
0.405	201
0.406	195
0.406	185
0.406	174
0.406	163
0.406	156
0.406	156
0.406	159
0.406	165
0.406	172
0.407	182
0.407	191
0.407	195
0.407	191
0.407	182
0.407	170
0.407	161
0.407	160
0.407	169
0.407	182
0.407	189
0.408	186
0.408	177
0.408	170
0.408	165
0.408	163
0.408	165
0.408	169
0.408	172
0.408	172
0.408	173
0.409	177
0.409	184
0.409	189
0.409	191
0.409	190
0.409	184
0.409	174
0.409	165
0.409	162
0.41	166
0.41	175
0.41	182
0.41	183
0.41	181
0.41	176
0.41	173
0.41	175
0.41	179
0.41	180
0.41	177
0.411	173
0.411	170
0.411	167
0.411	165
0.411	165
0.411	171
0.411	183
0.411	193
0.411	193
0.412	186
0.412	177
0.412	171
0.412	165
0.412	159
0.412	156
0.412	157
0.412	166
0.412	177
0.412	187
0.412	190
0.413	186
0.413	177
0.413	174
0.413	180
0.413	188
0.413	192
0.413	189
0.413	180
0.413	171
0.414	165
0.414	164
0.414	167
0.414	171
0.414	176
0.414	180
0.414	181
0.414	181
0.414	178
0.414	174
0.414	169
0.415	167
0.415	174
0.415	186
0.415	197
0.415	197
0.415	186
0.415	172
0.415	161
0.415	155
0.415	154
0.416	162
0.416	176
0.416	190
0.416	193
0.416	185
0.416	172
0.416	162
0.416	161
0.416	168
0.417	177
0.417	182
0.417	179
0.417	173
0.417	170
0.417	170
0.417	173
0.417	177
0.417	184
0.417	189
0.417	186
0.418	178
0.418	172
0.418	171
0.418	175
0.418	179
0.418	180
0.418	177
0.418	174
0.418	172
0.419	172
0.419	172
0.419	170
0.419	169
0.419	173
0.419	181
0.419	189
0.419	192
0.419	188
0.419	180
0.419	171
0.42	166
0.42	166
0.42	170
0.42	178
0.42	185
0.42	189
0.42	188
0.42	184
0.42	178
0.421	171
0.421	167
0.421	168
0.421	172
0.421	178
0.421	182
0.421	184
0.421	182
0.421	179
0.421	174
0.421	169
0.422	163
0.422	159
0.422	159
0.422	165
0.422	173
0.422	179
0.422	183
0.422	184
0.422	184
0.423	181
0.423	176
0.423	169
0.423	166
0.423	166
0.423	170
0.423	178
0.423	184
0.423	185
0.423	181
0.424	175
0.424	171
0.424	171
0.424	174
0.424	176
0.424	175
0.424	175
0.424	176
0.424	178
0.424	176
0.424	172
0.425	170
0.425	170
0.425	174
0.425	177
0.425	179
0.425	179
0.425	179
0.425	179
0.425	179
0.426	176
0.426	169
0.426	162
0.426	158
0.426	160
0.426	166
0.426	174
0.426	183
0.426	191
0.426	193
0.426	190
0.427	188
0.427	187
0.427	183
0.427	174
0.427	163
0.427	156
0.427	154
0.427	163
0.427	179
0.428	195
0.428	202
0.428	196
0.428	182
0.428	170
0.428	161
0.428	157
0.428	158
0.428	161
0.428	164
0.428	168
0.429	178
0.429	192
0.429	200
0.429	196
0.429	183
0.429	171
0.429	164
0.429	161
0.429	162
0.43	167
0.43	174
0.43	180
0.43	185
0.43	189
0.43	189
0.43	182
0.43	174
0.43	168
0.43	167
0.431	170
0.431	174
0.431	181
0.431	186
0.431	187
0.431	184
0.431	178
0.431	175
0.431	179
0.431	188
0.431	197
0.432	196
0.432	186
0.432	172
0.432	161
0.432	156
0.432	159
0.432	167
0.432	177
0.432	179
0.433	174
0.433	170
0.433	172
0.433	182
0.433	191
0.433	190
0.433	181
0.433	172
0.433	168
0.433	168
0.433	171
0.434	176
0.434	181
0.434	183
0.434	181
0.434	178
0.434	175
0.434	174
0.434	172
0.434	169
0.435	168
0.435	167
0.435	167
0.435	171
0.435	179
0.435	185
0.435	186
0.435	184
0.435	183
0.435	181
0.435	179
0.436	177
0.436	176
0.436	176
0.436	175
0.436	171
0.436	168
0.436	170
0.436	177
0.436	184
0.437	185
0.437	184
0.437	184
0.437	181
0.437	176
0.437	172
0.437	169
0.437	168
0.437	167
0.437	165
0.438	162
0.438	162
0.438	168
0.438	181
0.438	192
0.438	193
0.438	186
0.438	177
0.438	172
0.438	172
0.438	174
0.439	176
0.439	178
0.439	176
0.439	170
0.439	164
0.439	162
0.439	167
0.439	175
0.439	181
0.44	182
0.44	178
0.44	173
0.44	172
0.44	176
0.44	180
0.44	182
0.44	179
0.44	173
0.44	168
0.44	166
0.441	169
0.441	176
0.441	185
0.441	191
0.441	191
0.441	187
0.441	185
0.441	183
0.441	177
0.442	166
0.442	156
0.442	154
0.442	162
0.442	179
0.442	195
0.442	201
0.442	194
0.442	181
0.442	168
0.442	160
0.443	158
0.443	161
0.443	166
0.443	170
0.443	172
0.443	173
0.443	174
0.443	179
0.443	187
0.444	194
0.444	198
0.444	194
0.444	185
0.444	175
0.444	167
0.444	163
0.444	161
0.444	162
0.444	164
0.444	169
0.445	178
0.445	189
0.445	197
0.445	195
0.445	186
0.445	178
0.445	174
0.445	173
0.445	172
0.445	170
0.446	170
0.446	170
0.446	168
0.446	164
0.446	161
0.446	163
0.446	169
0.446	174
0.446	175
0.447	175
0.447	175
0.447	177
0.447	178
0.447	175
0.447	173
0.447	176
0.447	183
0.447	187
0.447	185
0.447	177
0.448	172
0.448	174
0.448	183
0.448	193
0.448	194
0.448	185
0.448	171
0.448	160
0.448	156
0.449	159
0.449	166
0.449	174
0.449	178
0.449	181
0.449	183
0.449	183
0.449	180
0.449	177
0.449	174
0.449	174
0.45	176
0.45	178
0.45	182
0.45	184
0.45	181
0.45	176
0.45	172
0.45	168
0.45	164
0.451	160
0.451	162
0.451	170
0.451	180
0.451	187
0.451	190
0.451	190
0.451	187
0.451	182
0.451	173
0.451	163
0.452	155
0.452	152
0.452	155
0.452	164
0.452	175
0.452	183
0.452	188
0.452	192
0.452	196
0.452	196
0.453	188
0.453	175
0.453	163
0.453	156
0.453	160
0.453	171
0.453	183
0.453	188
0.453	181
0.454	172
0.454	168
0.454	168
0.454	168
0.454	168
0.454	170
0.454	175
0.454	179
0.454	181
0.454	182
0.454	183
0.455	182
0.455	179
0.455	175
0.455	171
0.455	168
0.455	169
0.455	174
0.455	178
0.455	178
0.456	175
0.456	172
0.456	173
0.456	176
0.456	176
0.456	172
0.456	168
0.456	166
0.456	170
0.456	179
0.456	188
0.457	190
0.457	187
0.457	184
0.457	184
0.457	188
0.457	190
0.457	186
0.457	179
0.457	173
0.458	169
0.458	168
0.458	170
0.458	172
0.458	174
0.458	176
0.458	175
0.458	172
0.458	172
0.458	174
0.458	176
0.459	175
0.459	172
0.459	171
0.459	171
0.459	171
0.459	171
0.459	173
0.459	175
0.459	176
0.46	177
0.46	182
0.46	190
0.46	193
0.46	185
0.46	173
0.46	164
0.46	163
0.46	170
0.46	180
0.461	187
0.461	186
0.461	179
0.461	174
0.461	172
0.461	175
0.461	177
0.461	177
0.461	172
0.461	168
0.461	165
0.462	164
0.462	167
0.462	175
0.462	184
0.462	190
0.462	189
0.462	185
0.462	178
0.462	171
0.463	166
0.463	166
0.463	170
0.463	180
0.463	192
0.463	200
0.463	197
0.463	184
0.463	169
0.463	158
0.463	153
0.464	158
0.464	171
0.464	186
0.464	194
0.464	188
0.464	176
0.464	165
0.464	162
0.464	164
0.465	169
0.465	177
0.465	184
0.465	184
0.465	179
0.465	175
0.465	178
0.465	185
0.465	189
0.465	186
0.465	177
0.466	168
0.466	164
0.466	168
0.466	179
0.466	193
0.466	201
0.466	198
0.466	187
0.466	175
0.467	166
0.467	161
0.467	161
0.467	164
0.467	169
0.467	176
0.467	181
0.467	182
0.467	178
0.467	172
0.468	169
0.468	170
0.468	171
0.468	172
0.468	175
0.468	179
0.468	182
0.468	184
0.468	183
0.468	179
0.468	172
0.469	167
0.469	165
0.469	168
0.469	172
0.469	176
0.469	177
0.469	176
0.469	173
0.469	173
0.47	177
0.47	181
0.47	181
0.47	175
0.47	166
0.47	159
0.47	157
0.47	161
0.47	170
0.47	180
0.47	184
0.471	180
0.471	169
0.471	161
0.471	160
0.471	168
0.471	178
0.471	185
0.471	186
0.471	185
0.472	183
0.472	178
0.472	171
0.472	165
0.472	163
0.472	168
0.472	180
0.472	191
0.472	197
0.472	197
0.472	193
0.473	186
0.473	177
0.473	168
0.473	162
0.473	160
0.473	163
0.473	168
0.473	172
0.473	173
0.474	170
0.474	167
0.474	166
0.474	169
0.474	175
0.474	180
0.474	181
0.474	180
0.474	179
0.474	180
0.475	180
0.475	179
0.475	175
0.475	169
0.475	166
0.475	167
0.475	169
0.475	171
0.475	173
0.475	179
0.475	190
0.476	197
0.476	195
0.476	183
0.476	170
0.476	162
0.476	161
0.476	165
0.476	170
0.476	175
0.477	180
0.477	183
0.477	183
0.477	180
0.477	177
0.477	176
0.477	176
0.477	176
0.477	177
0.477	177
0.477	176
0.478	176
0.478	178
0.478	182
0.478	183
0.478	179
0.478	174
0.478	172
0.478	174
0.478	176
0.479	178
0.479	179
0.479	178
0.479	176
0.479	172
0.479	170
0.479	169
0.479	169
0.479	170
0.479	172
0.479	176
0.48	180
0.48	182
0.48	181
0.48	178
0.48	175
0.48	173
0.48	173
0.48	173
0.48	172
0.481	171
0.481	172
0.481	176
0.481	182
0.481	185
0.481	184
0.481	180
0.481	173
0.481	166
0.481	161
0.482	162
0.482	168
0.482	174
0.482	178
0.482	183
0.482	191
0.482	197
0.482	196
0.482	186
0.482	173
0.482	162
0.483	156
0.483	157
0.483	166
0.483	180
0.483	191
0.483	193
0.483	188
0.483	184
0.483	180
0.484	176
0.484	170
0.484	166
0.484	166
0.484	171
0.484	179
0.484	185
0.484	183
0.484	176
0.484	167
0.484	165
0.485	172
0.485	182
0.485	187
0.485	185
0.485	179
0.485	172
0.485	167
0.485	164
0.485	165
0.486	168
0.486	173
0.486	177
0.486	182
0.486	191
0.486	200
0.486	203
0.486	197
0.486	186
0.486	176
0.486	169
0.487	166
0.487	166
0.487	168
0.487	172
0.487	177
0.487	179
0.487	176
0.487	169
0.487	165
0.488	165
0.488	171
0.488	178
0.488	180
0.488	179
0.488	177
0.488	174
0.488	171
0.488	170
0.488	171
0.488	173
0.489	176
0.489	177
0.489	180
0.489	183
0.489	185
0.489	185
0.489	182
0.489	177
0.489	172
0.489	169
0.49	170
0.49	174
0.49	177
0.49	177
0.49	174
0.49	170
0.49	168
0.49	170
0.49	174
0.491	180
0.491	184
0.491	181
0.491	175
0.491	169
0.491	166
0.491	166
0.491	169
0.491	173
0.491	175
0.491	176
0.492	180
0.492	185
0.492	189
0.492	187
0.492	179
0.492	170
0.492	163
0.492	162
0.492	168
0.493	178
0.493	186
0.493	186
0.493	183
0.493	179
0.493	172
0.493	165
0.493	160
0.493	162
0.493	172
0.493	184
0.494	192
0.494	188
0.494	177
0.494	167
0.494	167
0.494	176
0.494	186
0.494	188
0.494	182
0.495	175
0.495	172
0.495	171
0.495	171
0.495	171
0.495	173
0.495	176
0.495	178
0.495	176
0.495	174
0.495	175
0.496	178
0.496	183
0.496	188
0.496	190
0.496	185
0.496	176
0.496	167
0.496	160
0.496	157
0.496	159
0.497	163
0.497	169
0.497	176
0.497	184
0.497	191
0.497	193
0.497	191
0.497	186
0.497	181
0.498	178
0.498	177
0.498	174
0.498	167
0.498	160
0.498	157
0.498	161
0.498	170
0.498	182
0.498	190
0.498	193
0.499	191
0.499	188
0.499	182
0.499	174
0.499	168
0.499	168
0.499	174
0.499	181
0.499	182
0.5	178
0.5	173
0.5	168
0.5	163
0.5	160
0.5	162
0.5	171
0.5	185
0.5	198
0.5	201
0.501	192
0.501	177
0.501	165
0.501	161
0.501	165
0.501	174
0.501	183
0.501	188
0.501	190
0.501	191
0.502	186
0.502	176
0.502	165
0.502	158
0.502	156
0.502	159
0.502	165
0.502	172
0.502	177
0.502	180
0.502	181
0.503	180
0.503	180
0.503	178
0.503	173
0.503	167
0.503	163
0.503	165
0.503	172
0.503	180
0.503	184
0.504	183
0.504	179
0.504	175
0.504	172
0.504	171
0.504	174
0.504	181
0.504	193
0.504	204
0.504	205
0.505	194
0.505	178
0.505	165
0.505	160
0.505	157
0.505	158
0.505	163
0.505	176
0.505	188
0.506	194
0.506	189
0.506	179
0.506	171
0.506	170
0.506	175
0.506	180
0.506	182
0.506	180
0.506	174
0.507	167
0.507	163
0.507	160
0.507	162
0.507	168
0.507	176
0.507	183
0.507	186
0.507	183
0.507	177
0.507	173
0.508	174
0.508	179
0.508	183
0.508	184
0.508	181
0.508	176
0.508	171
0.508	170
0.508	173
0.508	176
0.509	180
0.509	182
0.509	180
0.509	175
0.509	172
0.509	175
0.509	180
0.509	183
0.509	181
0.51	177
0.51	176
0.51	176
0.51	177
0.51	177
0.51	176
0.51	174
0.51	174
0.51	178
0.51	184
0.511	188
0.511	184
0.511	176
0.511	169
0.511	167
0.511	166
0.511	163
0.511	160
0.511	159
0.511	161
0.512	165
0.512	174
0.512	186
0.512	197
0.512	204
0.512	203
0.512	194
0.512	181
0.512	166
0.512	153
0.512	145
0.513	144
0.513	151
0.513	165
0.513	180
0.513	190
0.513	192
0.513	188
0.513	183
0.513	181
0.513	178
0.514	174
0.514	168
0.514	166
0.514	169
0.514	174
0.514	176
0.514	177
0.514	179
0.514	181
0.515	179
0.515	175
0.515	171
0.515	172
0.515	181
0.515	190
0.515	190
0.515	181
0.515	172
0.515	166
0.516	163
0.516	161
0.516	158
0.516	158
0.516	166
0.516	181
0.516	194
0.516	198
0.516	190
0.516	177
0.516	169
0.517	167
0.517	167
0.517	169
0.517	172
0.517	176
0.517	179
0.517	180
0.517	179
0.517	179
0.517	182
0.518	184
0.518	184
0.518	181
0.518	176
0.518	169
0.518	163
0.518	161
0.518	165
0.518	173
0.518	179
0.519	178
0.519	172
0.519	167
0.519	166
0.519	166
0.519	168
0.519	173
0.519	185
0.519	197
0.52	201
0.52	191
0.52	174
0.52	159
0.52	153
0.52	156
0.52	166
0.52	178
0.52	188
0.52	194
0.521	197
0.521	195
0.521	189
0.521	179
0.521	169
0.521	161
0.521	156
0.521	156
0.521	163
0.521	175
0.521	184
0.522	185
0.522	183
0.522	181
0.522	177
0.522	172
0.522	170
0.522	173
0.522	179
0.522	182
0.522	181
0.523	179
0.523	177
0.523	175
0.523	175
0.523	177
0.523	178
0.523	176
0.523	175
0.523	176
0.524	179
0.524	182
0.524	181
0.524	177
0.524	174
0.524	172
0.524	168
0.524	165
0.524	167
0.524	175
0.525	183
0.525	186
0.525	182
0.525	174
0.525	166
0.525	161
0.525	161
0.525	166
0.525	176
0.525	186
0.526	192
0.526	195
0.526	196
0.526	195
0.526	189
0.526	179
0.526	169
0.526	163
0.526	162
0.526	167
0.526	174
0.527	179
0.527	177
0.527	174
0.527	172
0.527	173
0.527	174
0.527	176
0.527	177
0.527	176
0.527	172
0.528	166
0.528	161
0.528	162
0.528	170
0.528	180
0.528	186
0.528	186
0.528	179
0.528	172
0.529	171
0.529	175
0.529	181
0.529	184
0.529	183
0.529	178
0.529	172
0.529	171
0.529	177
0.529	186
0.53	191
0.53	188
0.53	181
0.53	175
0.53	172
0.53	169
0.53	167
0.53	167
0.53	171
0.53	174
0.53	174
0.531	170
0.531	169
0.531	172
0.531	173
0.531	170
0.531	165
0.531	163
0.531	167
0.531	175
0.531	183
0.532	187
0.532	186
0.532	180
0.532	172
0.532	167
0.532	166
0.532	170
0.532	176
0.532	179
0.533	179
0.533	179
0.533	179
0.533	179
0.533	178
0.533	175
0.533	172
0.533	170
0.533	172
0.533	178
0.534	183
0.534	184
0.534	183
0.534	183
0.534	185
0.534	185
0.534	181
0.534	176
0.534	173
0.534	172
0.535	171
0.535	169
0.535	168
0.535	170
0.535	176
0.535	182
0.535	187
0.535	189
0.535	186
0.535	182
0.535	179
0.536	177
0.536	176
0.536	176
0.536	175
0.536	172
0.536	170
0.536	169
0.536	170
0.536	175
0.536	180
0.537	183
0.537	184
0.537	183
0.537	180
0.537	174
0.537	165
0.537	158
0.537	156
0.537	161
0.538	172
0.538	183
0.538	191
0.538	188
0.538	179
0.538	170
0.538	166
0.538	167
0.538	168
0.538	171
0.539	179
0.539	188
0.539	190
0.539	183
0.539	171
0.539	163
0.539	162
0.539	169
0.539	181
0.539	188
0.539	186
0.54	177
0.54	171
0.54	171
0.54	174
0.54	178
0.54	181
0.54	183
0.54	183
0.54	182
0.54	178
0.541	174
0.541	169
0.541	167
0.541	166
0.541	167
0.541	169
0.541	172
0.541	176
0.541	181
0.541	186
0.542	188
0.542	187
0.542	183
0.542	176
0.542	170
0.542	168
0.542	167
0.542	167
0.542	168
0.543	171
0.543	175
0.543	177
0.543	176
0.543	174
0.543	175
0.543	177
0.543	179
0.543	178
0.543	173
0.544	167
0.544	165
0.544	170
0.544	179
0.544	183
0.544	180
0.544	177
0.544	181
0.544	186
0.544	184
0.544	173
0.545	162
0.545	157
0.545	161
0.545	174
0.545	189
0.545	198
0.545	195
0.545	183
0.545	172
0.545	167
0.546	167
0.546	171
0.546	179
0.546	185
0.546	184
0.546	178
0.546	169
0.546	165
0.546	165
0.547	171
0.547	177
0.547	180
0.547	176
0.547	172
0.547	173
0.547	179
0.547	184
0.547	184
0.547	179
0.548	174
0.548	173
0.548	175
0.548	175
0.548	173
0.548	171
0.548	176
0.548	186
0.548	195
0.548	194
0.549	181
0.549	166
0.549	154
0.549	152
0.549	162
0.549	180
0.549	195
0.549	198
0.549	191
0.549	181
0.549	171
0.55	165
0.55	162
0.55	161
0.55	163
0.55	168
0.55	176
0.55	183
0.55	188
0.55	188
0.55	183
0.551	179
0.551	176
0.551	174
0.551	171
0.551	168
0.551	167
0.551	170
0.551	174
0.551	178
0.552	182
0.552	185
0.552	188
0.552	189
0.552	184
0.552	174
0.552	165
0.552	160
0.552	161
0.552	168
0.553	179
0.553	189
0.553	190
0.553	184
0.553	174
0.553	161
0.553	152
0.553	150
0.553	155
0.553	168
0.553	182
0.554	191
0.554	194
0.554	193
0.554	189
0.554	183
0.554	177
0.554	172
0.554	169
0.554	167
0.554	164
0.555	166
0.555	174
0.555	187
0.555	196
0.555	195
0.555	184
0.555	171
0.555	164
0.555	165
0.555	172
0.556	181
0.556	185
0.556	182
0.556	176
0.556	171
0.556	172
0.556	174
0.556	174
0.556	170
0.557	167
0.557	169
0.557	177
0.557	186
0.557	189
0.557	184
0.557	176
0.557	166
0.557	161
0.557	164
0.558	176
0.558	192
0.558	202
0.558	199
0.558	187
0.558	171
0.558	158
0.558	152
0.558	157
0.558	167
0.558	178
0.559	184
0.559	185
0.559	184
0.559	181
0.559	176
0.559	170
0.559	167
0.559	167
0.559	169
0.559	172
0.56	176
0.56	181
0.56	184
0.56	186
0.56	188
0.56	189
0.56	187
0.56	180
0.56	169
0.561	161
0.561	158
0.561	160
0.561	165
0.561	172
0.561	179
0.561	186
0.561	188
0.561	183
0.561	176
0.562	172
0.562	172
0.562	176
0.562	180
0.562	183
0.562	185
0.562	186
0.562	186
0.562	183
0.562	178
0.563	172
0.563	168
0.563	169
0.563	173
0.563	175
0.563	172
0.563	167
0.563	165
0.563	167
0.563	172
0.563	178
0.564	183
0.564	187
0.564	192
0.564	195
0.564	193
0.564	186
0.564	177
0.564	169
0.564	165
0.564	166
0.565	172
0.565	177
0.565	178
0.565	176
0.565	176
0.565	181
0.565	188
0.565	189
0.565	183
0.566	176
0.566	170
0.566	167
0.566	163
0.566	161
0.566	162
0.566	165
0.566	171
0.566	177
0.566	178
0.567	177
0.567	177
0.567	180
0.567	183
0.567	184
0.567	181
0.567	175
0.567	172
0.567	176
0.567	184
0.567	190
0.568	188
0.568	180
0.568	168
0.568	159
0.568	159
0.568	168
0.568	180
0.568	188
0.568	188
0.568	184
0.569	181
0.569	177
0.569	171
0.569	165
0.569	162
0.569	164
0.569	171
0.569	179
0.569	184
0.57	185
0.57	182
0.57	176
0.57	171
0.57	168
0.57	170
0.57	175
0.57	180
0.57	182
0.57	178
0.571	174
0.571	173
0.571	174
0.571	175
0.571	174
0.571	172
0.571	173
0.571	177
0.571	183
0.571	186
0.572	183
0.572	177
0.572	170
0.572	165
0.572	165
0.572	166
0.572	169
0.572	172
0.572	173
0.572	174
0.572	178
0.573	185
0.573	191
0.573	190
0.573	181
0.573	170
0.573	163
0.573	163
0.573	168
0.573	176
0.573	180
0.574	180
0.574	179
0.574	180
0.574	183
0.574	187
0.574	186
0.574	180
0.574	171
0.574	162
0.575	158
0.575	160
0.575	169
0.575	181
0.575	189
0.575	191
0.575	188
0.575	182
0.575	175
0.575	168
0.576	164
0.576	164
0.576	169
0.576	178
0.576	186
0.576	188
0.576	184
0.576	175
0.576	167
0.576	164
0.576	167
0.577	173
0.577	180
0.577	183
0.577	183
0.577	182
0.577	181
0.577	178
0.577	175
0.577	172
0.577	171
0.578	172
0.578	176
0.578	182
0.578	187
0.578	187
0.578	179
0.578	168
0.578	160
0.578	160
0.578	166
0.579	177
0.579	187
0.579	192
0.579	191
0.579	185
0.579	178
0.579	172
0.579	169
0.579	167
0.58	165
0.58	167
0.58	176
0.58	184
0.58	188
0.58	186
0.58	182
0.58	177
0.58	173
0.58	170
0.581	169
0.581	173
0.581	181
0.581	186
0.581	186
0.581	182
0.581	177
0.581	172
0.581	168
0.581	165
0.581	165
0.582	169
0.582	175
0.582	181
0.582	185
0.582	184
0.582	180
0.582	174
0.582	169
0.582	168
0.582	172
0.583	179
0.583	184
0.583	181
0.583	174
0.583	170
0.583	170
0.583	174
0.583	178
0.583	179
0.584	179
0.584	180
0.584	183
0.584	185
0.584	183
0.584	176
0.584	169
0.584	163
0.584	160
0.584	162
0.585	168
0.585	179
0.585	186
0.585	189
0.585	187
0.585	183
0.585	179
0.585	175
0.585	170
0.585	166
0.586	167
0.586	172
0.586	179
0.586	183
0.586	184
0.586	184
0.586	181
0.586	175
0.586	170
0.586	170
0.586	174
0.587	179
0.587	181
0.587	180
0.587	178
0.587	178
0.587	177
0.587	176
0.587	172
0.587	168
0.587	166
0.588	166
0.588	165
0.588	164
0.588	162
0.588	164
0.588	169
0.588	177
0.588	182
0.588	182
0.589	177
0.589	170
0.589	167
0.589	168
0.589	176
0.589	185
0.589	191
0.589	190
0.589	183
0.589	173
0.59	167
0.59	165
0.59	166
0.59	169
0.59	176
0.59	183
0.59	186
0.59	184
0.59	177
0.59	171
0.59	167
0.591	168
0.591	170
0.591	171
0.591	172
0.591	174
0.591	180
0.591	187
0.591	191
0.591	189
0.591	183
0.592	178
0.592	174
0.592	172
0.592	168
0.592	165
0.592	167
0.592	172
0.592	176
0.592	174
0.592	169
0.593	164
0.593	162
0.593	165
0.593	172
0.593	181
0.593	187
0.593	189
0.593	188
0.593	185
0.594	179
0.594	173
0.594	168
0.594	167
0.594	172
0.594	179
0.594	185
0.594	185
0.594	182
0.594	179
0.595	177
0.595	176
0.595	176
0.595	176
0.595	179
0.595	184
0.595	189
0.595	190
0.595	184
0.595	174
0.595	165
0.596	159
0.596	159
0.596	162
0.596	167
0.596	174
0.596	181
0.596	187
0.596	191
0.596	191
0.596	186
0.597	178
0.597	170
0.597	165
0.597	165
0.597	172
0.597	186
0.597	197
0.597	198
0.597	188
0.598	175
0.598	165
0.598	162
0.598	166
0.598	172
0.598	178
0.598	184
0.598	189
0.598	190
0.598	187
0.599	182
0.599	175
0.599	167
0.599	161
0.599	162
0.599	170
0.599	179
0.599	181
0.599	177
0.599	172
0.6	168
0.6	168
0.6	167
0.6	167
0.6	168
0.6	174
0.6	180
0.6	182
0.6	178
0.6	176
0.6	179
0.601	183
0.601	182
0.601	174
0.601	165
0.601	160
0.601	161
0.601	168
0.601	175
0.601	181
0.601	184
0.602	185
0.602	183
0.602	179
0.602	174
0.602	171
0.602	170
0.602	171
0.602	173
0.602	174
0.603	172
0.603	170
0.603	171
0.603	173
0.603	176
0.603	181
0.603	184
0.603	182
0.603	178
0.603	175
0.604	173
0.604	173
0.604	174
0.604	176
0.604	180
0.604	183
0.604	183
0.604	178
0.604	172
0.604	168
0.604	167
0.605	169
0.605	173
0.605	179
0.605	184
0.605	184
0.605	180
0.605	173
0.605	167
0.605	164
0.605	168
0.606	177
0.606	186
0.606	187
0.606	181
0.606	175
0.606	172
0.606	172
0.606	175
0.606	179
0.607	180
0.607	177
0.607	172
0.607	171
0.607	173
0.607	175
0.607	176
0.607	179
0.607	182
0.607	185
0.608	185
0.608	183
0.608	179
0.608	174
0.608	174
0.608	177
0.608	181
0.608	178
0.608	173
0.608	170
0.609	170
0.609	173
0.609	174
0.609	172
0.609	172
0.609	177
0.609	184
0.609	186
0.609	180
0.609	172
0.609	168
0.61	172
0.61	179
0.61	184
0.61	188
0.61	189
0.61	186
0.61	181
0.61	176
0.61	171
0.61	168
0.611	166
0.611	167
0.611	170
0.611	174
0.611	176
0.611	177
0.611	177
0.611	175
0.611	173
0.612	172
0.612	174
0.612	176
0.612	176
0.612	174
0.612	172
0.612	171
0.612	172
0.612	173
0.612	175
0.613	179
0.613	179
0.613	173
0.613	166
0.613	164
0.613	170
0.613	183
0.613	197
0.613	203
0.613	197
0.613	185
0.614	173
0.614	165
0.614	161
0.614	163
0.614	170
0.614	177
0.614	179
0.614	177
0.614	172
0.614	169
0.615	166
0.615	165
0.615	166
0.615	174
0.615	184
0.615	190
0.615	189
0.615	182
0.615	174
0.615	166
0.616	160
0.616	156
0.616	158
0.616	165
0.616	171
0.616	175
0.616	178
0.616	183
0.616	188
0.617	190
0.617	187
0.617	182
0.617	179
0.617	178
0.617	176
0.617	172
0.617	170
0.617	171
0.617	179
0.618	188
0.618	192
0.618	188
0.618	178
0.618	170
0.618	166
0.618	169
0.618	174
0.618	178
0.618	182
0.618	187
0.619	189
0.619	185
0.619	176
0.619	169
0.619	165
0.619	166
0.619	169
0.619	173
0.619	177
0.619	179
0.62	177
0.62	175
0.62	175
0.62	178
0.62	182
0.62	184
0.62	183
0.62	184
0.62	187
0.621	186
0.621	181
0.621	174
0.621	167
0.621	164
0.621	167
0.621	174
0.621	180
0.621	181
0.621	179
0.622	176
0.622	175
0.622	173
0.622	170
0.622	168
0.622	167
0.622	168
0.622	170
0.622	176
0.622	184
0.623	189
0.623	188
0.623	182
0.623	175
0.623	172
0.623	173
0.623	177
0.623	181
0.623	184
0.623	185
0.623	184
0.624	182
0.624	181
0.624	179
0.624	175
0.624	170
0.624	167
0.624	168
0.624	171
0.624	174
0.624	173
0.625	171
0.625	172
0.625	175
0.625	176
0.625	174
0.625	170
0.625	169
0.625	172
0.625	179
0.626	184
0.626	185
0.626	184
0.626	184
0.626	184
0.626	182
0.626	176
0.626	167
0.626	161
0.626	159
0.627	164
0.627	174
0.627	184
0.627	188
0.627	183
0.627	175
0.627	168
0.627	165
0.627	169
0.627	179
0.627	191
0.628	196
0.628	190
0.628	177
0.628	165
0.628	160
0.628	160
0.628	165
0.628	171
0.628	176
0.628	179
0.629	180
0.629	181
0.629	184
0.629	186
0.629	182
0.629	171
0.629	162
0.629	161
0.629	168
0.629	179
0.63	186
0.63	186
0.63	182
0.63	177
0.63	174
0.63	174
0.63	175
0.63	179
0.63	183
0.631	184
0.631	180
0.631	174
0.631	167
0.631	163
0.631	165
0.631	174
0.631	183
0.631	189
0.631	189
0.632	185
0.632	181
0.632	177
0.632	174
0.632	169
0.632	165
0.632	165
0.632	168
0.632	175
0.632	182
0.632	184
0.633	180
0.633	173
0.633	170
0.633	172
0.633	178
0.633	184
0.633	186
0.633	183
0.633	178
0.633	174
0.634	172
0.634	170
0.634	169
0.634	168
0.634	168
0.634	169
0.634	171
0.634	176
0.634	181
0.635	183
0.635	180
0.635	176
0.635	174
0.635	174
0.635	172
0.635	170
0.635	171
0.635	174
0.635	176
0.636	175
0.636	173
0.636	174
0.636	177
0.636	178
0.636	178
0.636	180
0.636	184
0.636	188
0.636	184
0.637	176
0.637	167
0.637	165
0.637	171
0.637	181
0.637	189
0.637	192
0.637	189
0.637	180
0.637	170
0.637	161
0.638	155
0.638	156
0.638	167
0.638	184
0.638	195
0.638	190
0.638	176
0.638	163
0.638	160
0.638	165
0.639	177
0.639	190
0.639	199
0.639	200
0.639	190
0.639	176
0.639	164
0.639	157
0.639	156
0.64	162
0.64	169
0.64	176
0.64	181
0.64	185
0.64	187
0.64	185
0.64	179
0.64	171
0.64	166
0.641	166
0.641	168
0.641	173
0.641	178
0.641	181
0.641	177
0.641	168
0.641	163
0.641	166
0.641	174
0.641	178
0.642	175
0.642	169
0.642	169
0.642	173
0.642	179
0.642	188
0.642	198
0.642	200
0.642	190
0.642	173
0.643	159
0.643	154
0.643	163
0.643	180
0.643	191
0.643	188
0.643	177
0.643	168
0.643	165
0.643	168
0.644	175
0.644	182
0.644	185
0.644	184
0.644	179
0.644	174
0.644	172
0.644	172
0.644	174
0.645	174
0.645	175
0.645	177
0.645	180
0.645	181
0.645	179
0.645	175
0.645	172
0.645	172
0.645	172
0.646	173
0.646	176
0.646	180
0.646	181
0.646	179
0.646	176
0.646	176
0.646	182
0.646	187
0.646	187
0.646	181
0.647	174
0.647	168
0.647	167
0.647	170
0.647	173
0.647	174
0.647	174
0.647	176
0.647	179
0.647	182
0.648	183
0.648	182
0.648	179
0.648	177
0.648	174
0.648	171
0.648	169
0.648	172
0.648	179
0.649	184
0.649	185
0.649	183
0.649	179
0.649	176
0.649	171
0.649	165
0.649	160
0.649	161
0.649	168
0.65	180
0.65	192
0.65	201
0.65	201
0.65	192
0.65	178
0.65	167
0.65	160
0.65	156
0.65	158
0.651	165
0.651	177
0.651	190
0.651	195
0.651	189
0.651	177
0.651	168
0.651	165
0.651	166
0.651	170
0.651	176
0.652	178
0.652	178
0.652	179
0.652	181
0.652	182
0.652	179
0.652	174
0.652	170
0.652	172
0.652	179
0.653	185
0.653	185
0.653	182
0.653	177
0.653	174
0.653	172
0.653	169
0.653	168
0.653	170
0.654	174
0.654	178
0.654	180
0.654	181
0.654	181
0.654	181
0.654	180
0.654	179
0.654	178
0.654	178
0.655	178
0.655	180
0.655	185
0.655	190
0.655	187
0.655	176
0.655	165
0.655	159
0.655	163
0.655	173
0.655	184
0.656	190
0.656	189
0.656	182
0.656	175
0.656	167
0.656	160
0.656	155
0.656	158
0.656	166
0.656	174
0.657	178
0.657	177
0.657	173
0.657	168
0.657	165
0.657	169
0.657	177
0.657	185
0.657	187
0.658	184
0.658	178
0.658	176
0.658	177
0.658	182
0.658	184
0.658	181
0.658	175
0.658	170
0.658	168
0.659	168
0.659	169
0.659	171
0.659	173
0.659	174
0.659	175
0.659	174
0.659	175
0.659	177
0.659	177
0.66	172
0.66	167
0.66	165
0.66	172
0.66	182
0.66	191
0.66	194
0.66	191
0.66	184
0.66	175
0.66	167
0.661	160
0.661	157
0.661	161
0.661	170
0.661	180
0.661	189
0.661	195
0.661	196
0.661	190
0.661	177
0.662	165
0.662	158
0.662	159
0.662	168
0.662	183
0.662	197
0.662	199
0.662	189
0.662	176
0.663	164
0.663	158
0.663	156
0.663	161
0.663	171
0.663	185
0.663	198
0.663	203
0.663	197
0.663	183
0.664	168
0.664	158
0.664	154
0.664	160
0.664	172
0.664	187
0.664	197
0.664	199
0.664	192
0.664	179
0.664	164
0.665	154
0.665	150
0.665	153
0.665	161
0.665	170
0.665	177
0.665	181
0.665	182
0.665	181
0.665	179
0.666	178
0.666	179
0.666	179
0.666	179
0.666	179
0.666	179
0.666	177
0.666	176
0.666	177
0.666	179
0.667	179
0.667	175
0.667	174
0.667	177
0.667	180
0.667	178
0.667	175
0.667	172
0.667	170
0.668	169
0.668	170
0.668	176
0.668	180
0.668	177
0.668	170
0.668	168
0.668	174
0.668	183
0.668	188
0.669	186
0.669	181
0.669	176
0.669	173
0.669	170
0.669	168
0.669	169
0.669	172
0.669	174
0.669	174
0.669	172
0.67	173
0.67	178
0.67	186
0.67	191
0.67	187
0.67	178
0.67	173
0.67	176
0.67	182
0.67	185
0.671	180
0.671	170
0.671	161
0.671	158
0.671	166
0.671	182
0.671	193
0.671	192
0.671	183
0.672	174
0.672	170
0.672	170
0.672	172
0.672	174
0.672	174
0.672	173
0.672	172
0.672	174
0.672	181
0.673	189
0.673	195
0.673	196
0.673	192
0.673	185
0.673	179
0.673	175
0.673	176
0.673	180
0.673	184
0.674	184
0.674	181
0.674	177
0.674	176
0.674	177
0.674	178
0.674	176
0.674	172
0.674	167
0.674	165
0.674	170
0.675	180
0.675	188
0.675	186
0.675	176
0.675	166
0.675	161
0.675	163
0.675	169
0.675	175
0.675	180
0.676	185
0.676	189
0.676	188
0.676	184
0.676	179
0.676	174
0.676	169
0.676	167
0.676	168
0.677	172
0.677	178
0.677	183
0.677	187
0.677	187
0.677	182
0.677	174
0.677	169
0.677	168
0.677	173
0.678	179
0.678	185
0.678	186
0.678	183
0.678	178
0.678	172
0.678	169
0.678	171
0.678	176
0.678	179
0.678	179
0.679	177
0.679	175
0.679	174
0.679	175
0.679	178
0.679	179
0.679	179
0.679	179
0.679	182
0.679	187
0.68	192
0.68	191
0.68	183
0.68	171
0.68	161
0.68	156
0.68	158
0.68	165
0.68	172
0.68	176
0.681	176
0.681	174
0.681	173
0.681	172
0.681	169
0.681	168
0.681	174
0.681	180
0.681	182
0.682	181
0.682	181
0.682	182
0.682	181
0.682	176
0.682	174
0.682	177
0.682	183
0.682	185
0.682	182
0.683	175
0.683	168
0.683	165
0.683	166
0.683	170
0.683	173
0.683	175
0.683	175
0.683	176
0.683	179
0.683	188
0.684	196
0.684	199
0.684	191
0.684	177
0.684	165
0.684	158
0.684	156
0.684	160
0.684	164
0.684	169
0.685	173
0.685	177
0.685	181
0.685	183
0.685	186
0.685	187
0.685	184
0.685	179
0.685	174
0.686	170
0.686	167
0.686	163
0.686	162
0.686	164
0.686	170
0.686	182
0.686	192
0.686	193
0.686	183
0.687	172
0.687	169
0.687	176
0.687	185
0.687	188
0.687	182
0.687	172
0.687	164
0.687	162
0.687	167
0.688	177
0.688	186
0.688	189
0.688	184
0.688	176
0.688	170
0.688	166
0.688	168
0.688	171
0.688	173
0.688	174
0.689	178
0.689	182
0.689	184
0.689	181
0.689	178
0.689	176
0.689	173
0.689	168
0.689	166
0.689	172
0.69	181
0.69	188
0.69	186
0.69	178
0.69	172
0.69	173
0.69	180
0.69	185
0.69	183
0.691	175
0.691	166
0.691	160
0.691	161
0.691	170
0.691	182
0.691	188
0.691	186
0.691	179
0.691	175
0.692	174
0.692	174
0.692	174
0.692	174
0.692	176
0.692	178
0.692	178
0.692	176
0.692	173
0.692	175
0.692	179
0.693	179
0.693	175
0.693	169
0.693	166
0.693	168
0.693	176
0.693	186
0.693	190
0.693	186
0.693	180
0.694	177
0.694	176
0.694	172
0.694	168
0.694	166
0.694	168
0.694	173
0.694	176
0.694	176
0.695	177
0.695	179
0.695	182
0.695	180
0.695	174
0.695	170
0.695	172
0.695	182
0.695	197
0.695	205
0.696	198
0.696	181
0.696	164
0.696	155
0.696	156
0.696	162
0.696	170
0.696	174
0.696	175
0.696	177
0.697	180
0.697	183
0.697	181
0.697	174
0.697	165
0.697	161
0.697	162
0.697	167
0.697	172
0.697	177
0.697	181
0.698	184
0.698	182
0.698	177
0.698	174
0.698	175
0.698	179
0.698	181
0.698	179
0.698	174
0.698	173
0.699	178
0.699	184
0.699	184
0.699	177
0.699	165
0.699	155
0.699	152
0.699	157
0.699	169
0.7	183
0.7	191
0.7	190
0.7	184
0.7	182
0.7	181
0.7	177
0.7	169
0.7	161
0.7	157
0.701	158
0.701	163
0.701	171
0.701	183
0.701	196
0.701	203
0.701	198
0.701	184
0.701	170
0.701	164
0.701	165
0.702	169
0.702	171
0.702	171
0.702	172
0.702	176
0.702	184
0.702	189
0.702	188
0.702	180
0.702	172
0.703	170
0.703	173
0.703	181
0.703	186
0.703	186
0.703	179
0.703	170
0.703	165
0.703	168
0.703	177
0.704	189
0.704	193
0.704	187
0.704	176
0.704	166
0.704	160
0.704	158
0.704	161
0.704	166
0.705	171
0.705	175
0.705	179
0.705	181
0.705	181
0.705	179
0.705	177
0.705	175
0.705	176
0.705	178
0.706	179
0.706	179
0.706	177
0.706	174
0.706	174
0.706	176
0.706	178
0.706	183
0.706	187
0.706	189
0.706	187
0.707	182
0.707	174
0.707	163
0.707	158
0.707	160
0.707	169
0.707	179
0.707	183
0.707	179
0.707	172
0.708	169
0.708	175
0.708	182
0.708	187
0.708	188
0.708	185
0.708	178
0.708	170
0.708	165
0.709	165
0.709	171
0.709	179
0.709	186
0.709	187
0.709	184
0.709	182
0.709	179
0.709	176
0.709	172
0.71	168
0.71	167
0.71	172
0.71	181
0.71	189
0.71	188
0.71	180
0.71	169
0.71	161
0.71	159
0.711	161
0.711	165
0.711	169
0.711	174
0.711	181
0.711	192
0.711	200
0.711	199
0.711	188
0.711	174
0.711	162
0.712	157
0.712	159
0.712	168
0.712	183
0.712	197
0.712	201
0.712	194
0.712	179
0.712	165
0.712	158
0.713	158
0.713	165
0.713	172
0.713	174
0.713	171
0.713	169
0.713	172
0.713	179
0.713	186
0.714	187
0.714	179
0.714	170
0.714	167
0.714	167
0.714	167
0.714	168
0.714	170
0.714	176
0.714	182
0.715	187
0.715	188
0.715	184
0.715	177
0.715	173
0.715	170
0.715	170
0.715	169
0.715	170
0.715	176
0.715	186
0.716	197
0.716	198
0.716	188
0.716	174
0.716	162
0.716	157
0.716	156
0.716	158
0.716	163
0.716	169
0.717	177
0.717	183
0.717	186
0.717	185
0.717	181
0.717	175
0.717	169
0.717	165
0.717	167
0.717	169
0.718	171
0.718	171
0.718	174
0.718	179
0.718	183
0.718	186
0.718	190
0.718	195
0.718	201
0.719	201
0.719	191
0.719	176
0.719	160
0.719	150
0.719	148
0.719	154
0.719	165
0.719	176
0.719	184
0.72	187
0.72	185
0.72	181
0.72	176
0.72	173
0.72	170
0.72	169
0.72	170
0.72	173
0.72	178
0.72	185
0.721	190
0.721	190
0.721	186
0.721	177
0.721	169
0.721	163
0.721	165
0.721	173
0.721	186
0.721	195
0.722	193
0.722	183
0.722	171
0.722	165
0.722	165
0.722	172
0.722	181
0.722	185
0.722	182
0.723	174
0.723	166
0.723	161
0.723	161
0.723	167
0.723	176
0.723	183
0.723	186
0.723	187
0.723	188
0.724	188
0.724	184
0.724	176
0.724	168
0.724	165
0.724	170
0.724	177
0.724	182
0.724	182
0.724	178
0.725	175
0.725	174
0.725	174
0.725	174
0.725	174
0.725	174
0.725	172
0.725	171
0.725	169
0.725	168
0.725	169
0.726	170
0.726	172
0.726	179
0.726	190
0.726	198
0.726	197
0.726	189
0.726	179
0.726	171
0.726	167
0.727	166
0.727	165
0.727	162
0.727	160
0.727	164
0.727	174
0.727	186
0.727	193
0.727	193
0.728	190
0.728	184
0.728	179
0.728	176
0.728	174
0.728	171
0.728	169
0.728	168
0.728	169
0.728	171
0.729	174
0.729	177
0.729	177
0.729	177
0.729	178
0.729	177
0.729	175
0.729	174
0.729	176
0.729	177
0.729	176
0.73	177
0.73	179
0.73	183
0.73	185
0.73	183
0.73	176
0.73	169
0.73	165
0.73	167
0.73	177
0.731	189
0.731	195
0.731	191
0.731	183
0.731	175
0.731	170
0.731	169
0.731	168
0.731	167
0.732	165
0.732	164
0.732	167
0.732	175
0.732	183
0.732	186
0.732	179
0.732	170
0.732	163
0.732	165
0.733	170
0.733	174
0.733	173
0.733	171
0.733	173
0.733	177
0.733	178
0.733	177
0.733	175
0.733	172
0.734	170
0.734	170
0.734	171
0.734	172
0.734	175
0.734	180
0.734	186
0.734	187
0.734	183
0.734	174
0.734	167
0.735	163
0.735	165
0.735	170
0.735	176
0.735	181
0.735	183
0.735	182
0.735	179
0.735	175
0.735	171
0.736	169
0.736	171
0.736	176
0.736	183
0.736	188
0.736	184
0.736	174
0.736	166
0.736	163
0.737	169
0.737	177
0.737	183
0.737	185
0.737	187
0.737	188
0.737	184
0.737	176
0.737	168
0.737	163
0.738	165
0.738	171
0.738	177
0.738	179
0.738	179
0.738	182
0.738	183
0.738	181
0.738	174
0.738	169
0.738	168
0.739	171
0.739	175
0.739	177
0.739	177
0.739	177
0.739	175
0.739	176
0.739	181
0.739	190
0.739	192
0.74	186
0.74	176
0.74	167
0.74	162
0.74	161
0.74	164
0.74	171
0.74	177
0.74	178
0.74	175
0.741	171
0.741	172
0.741	179
0.741	187
0.741	189
0.741	183
0.741	172
0.741	162
0.741	157
0.742	160
0.742	169
0.742	177
0.742	181
0.742	181
0.742	179
0.742	178
0.742	179
0.742	181
0.742	184
0.743	187
0.743	184
0.743	177
0.743	170
0.743	164
0.743	163
0.743	168
0.743	180
0.743	192
0.743	194
0.743	185
0.744	170
0.744	161
0.744	159
0.744	163
0.744	166
0.744	168
0.744	172
0.744	183
0.744	195
0.744	199
0.745	188
0.745	171
0.745	158
0.745	153
0.745	154
0.745	161
0.745	170
0.745	178
0.745	182
0.746	183
0.746	183
0.746	185
0.746	187
0.746	185
0.746	179
0.746	170
0.746	162
0.746	157
0.746	159
0.747	165
0.747	174
0.747	181
0.747	181
0.747	176
0.747	172
0.747	170
0.747	174
0.747	182
0.747	189
0.748	192
0.748	190
0.748	186
0.748	182
0.748	176
0.748	169
0.748	162
0.748	159
0.748	160
0.748	167
0.748	175
0.749	182
0.749	185
0.749	184
0.749	181
0.749	179
0.749	179
0.749	182
0.749	185
0.749	184
0.749	179
0.75	175
0.75	172
0.75	172
0.75	174
0.75	174
0.75	171
0.75	168
0.75	170
0.75	174
0.751	177
0.751	176
0.751	171
0.751	168
0.751	171
0.751	178
0.751	185
0.751	187
0.751	183
0.751	176
0.752	172
0.752	171
0.752	171
0.752	173
0.752	176
0.752	176
0.752	171
0.752	165
0.752	162
0.752	162
0.752	165
0.753	171
0.753	180
0.753	191
0.753	201
0.753	203
0.753	198
0.753	190
0.753	181
0.753	172
0.753	163
0.754	156
0.754	154
0.754	160
0.754	169
0.754	176
0.754	178
0.754	179
0.754	184
0.754	192
0.754	195
0.755	190
0.755	179
0.755	170
0.755	167
0.755	168
0.755	170
0.755	171
0.755	168
0.755	166
0.756	165
0.756	167
0.756	174
0.756	184
0.756	194
0.756	197
0.756	193
0.756	184
0.756	172
0.756	162
0.757	156
0.757	157
0.757	165
0.757	177
0.757	184
0.757	186
0.757	181
0.757	174
0.757	168
0.757	164
0.757	165
0.758	169
0.758	175
0.758	182
0.758	185
0.758	183
0.758	176
0.758	170
0.758	167
0.758	167
0.758	168
0.759	171
0.759	175
0.759	181
0.759	186
0.759	185
0.759	180
0.759	172
0.759	166
0.759	164
0.76	167
0.76	171
0.76	172
0.76	169
0.76	168
0.76	173
0.76	183
0.76	193
0.76	193
0.76	184
0.761	172
0.761	163
0.761	161
0.761	165
0.761	172
0.761	176
0.761	178
0.761	181
0.761	183
0.761	183
0.762	178
0.762	171
0.762	167
0.762	167
0.762	170
0.762	174
0.762	176
0.762	179
0.762	182
0.762	182
0.762	176
0.763	168
0.763	164
0.763	167
0.763	175
0.763	185
0.763	191
0.763	189
0.763	179
0.763	169
0.763	163
0.764	165
0.764	174
0.764	183
0.764	184
0.764	180
0.764	174
0.764	170
0.764	172
0.764	177
0.765	183
0.765	184
0.765	182
0.765	179
0.765	176
0.765	174
0.765	173
0.765	172
0.765	171
0.765	168
0.766	165
0.766	165
0.766	172
0.766	181
0.766	188
0.766	188
0.766	183
0.766	179
0.766	181
0.766	184
0.766	184
0.767	178
0.767	170
0.767	164
0.767	165
0.767	173
0.767	183
0.767	189
0.767	187
0.767	180
0.767	174
0.768	169
0.768	169
0.768	171
0.768	173
0.768	173
0.768	174
0.768	177
0.768	183
0.768	186
0.768	184
0.769	179
0.769	172
0.769	168
0.769	165
0.769	165
0.769	169
0.769	175
0.769	179
0.769	182
0.77	181
0.77	177
0.77	172
0.77	169
0.77	167
0.77	164
0.77	160
0.77	162
0.77	171
0.77	183
0.771	191
0.771	192
0.771	190
0.771	185
0.771	179
0.771	173
0.771	168
0.771	167
0.771	171
0.771	179
0.771	185
0.772	185
0.772	179
0.772	172
0.772	171
0.772	174
0.772	179
0.772	186
0.772	191
0.772	187
0.772	177
0.773	168
0.773	165
0.773	166
0.773	169
0.773	171
0.773	174
0.773	178
0.773	182
0.773	183
0.774	181
0.774	176
0.774	170
0.774	165
0.774	168
0.774	176
0.774	182
0.774	182
0.774	176
0.774	169
0.775	166
0.775	172
0.775	187
0.775	202
0.775	205
0.775	194
0.775	178
0.775	167
0.775	164
0.775	168
0.776	176
0.776	182
0.776	181
0.776	173
0.776	165
0.776	162
0.776	167
0.776	179
0.776	192
0.776	197
0.776	193
0.777	186
0.777	178
0.777	172
0.777	168
0.777	164
0.777	161
0.777	161
0.777	164
0.777	173
0.777	186
0.778	197
0.778	198
0.778	190
0.778	179
0.778	170
0.778	168
0.778	173
0.778	177
0.778	178
0.779	175
0.779	171
0.779	169
0.779	170
0.779	170
0.779	168
0.779	167
0.779	169
0.779	174
0.779	178
0.78	179
0.78	179
0.78	179
0.78	177
0.78	174
0.78	170
0.78	167
0.78	168
0.78	172
0.78	180
0.78	189
0.781	193
0.781	190
0.781	184
0.781	179
0.781	176
0.781	171
0.781	166
0.781	163
0.781	165
0.781	168
0.782	174
0.782	181
0.782	189
0.782	194
0.782	195
0.782	189
0.782	179
0.782	167
0.782	159
0.783	158
0.783	164
0.783	175
0.783	183
0.783	182
0.783	176
0.783	172
0.783	172
0.783	174
0.783	176
0.784	172
0.784	166
0.784	162
0.784	163
0.784	172
0.784	186
0.784	199
0.784	204
0.784	201
0.784	192
0.785	180
0.785	169
0.785	161
0.785	156
0.785	155
0.785	156
0.785	162
0.785	172
0.785	184
0.785	193
0.785	195
0.786	191
0.786	183
0.786	176
0.786	173
0.786	175
0.786	177
0.786	176
0.786	169
0.786	161
0.786	159
0.787	164
0.787	174
0.787	181
0.787	181
0.787	179
0.787	180
0.787	183
0.787	184
0.787	182
0.788	175
0.788	167
0.788	162
0.788	160
0.788	161
0.788	165
0.788	174
0.788	187
0.788	196
0.788	195
0.789	186
0.789	172
0.789	161
0.789	156
0.789	156
0.789	162
0.789	170
0.789	178
0.789	181
0.789	180
0.789	180
0.79	183
0.79	185
0.79	184
0.79	180
0.79	177
0.79	177
0.79	179
0.79	179
0.79	177
0.79	173
0.791	170
0.791	168
0.791	167
0.791	168
0.791	171
0.791	175
0.791	181
0.791	184
0.791	182
0.791	176
0.792	173
0.792	174
0.792	176
0.792	175
0.792	173
0.792	171
0.792	169
0.792	169
0.792	174
0.793	182
0.793	189
0.793	190
0.793	183
0.793	174
0.793	164
0.793	160
0.793	163
0.793	172
0.793	183
0.794	189
0.794	186
0.794	180
0.794	179
0.794	182
0.794	185
0.794	185
0.794	181
0.794	176
0.794	170
0.794	166
0.795	165
0.795	168
0.795	173
0.795	178
0.795	183
0.795	186
0.795	184
0.795	177
0.795	171
0.795	169
0.796	174
0.796	183
0.796	188
0.796	187
0.796	184
0.796	180
0.796	178
0.796	175
0.796	172
0.797	170
0.797	175
0.797	183
0.797	187
0.797	183
0.797	174
0.797	167
0.797	164
0.797	165
0.797	168
0.798	171
0.798	176
0.798	182
0.798	186
0.798	187
0.798	184
0.798	179
0.798	175
0.798	173
0.798	174
0.799	175
0.799	175
0.799	173
0.799	171
0.799	172
0.799	176
0.799	185
0.799	191
0.799	186
0.799	176
0.799	167
0.8	165
0.8	169
0.8	173
0.8	175
0.8	173
0.8	170
0.8	168
0.8	170
0.8	177
0.8	185
0.801	192
0.801	194
0.801	190
0.801	180
0.801	171
0.801	166
0.801	164
0.801	165
0.801	167
0.802	170
0.802	176
0.802	183
0.802	188
0.802	186
0.802	179
0.802	174
0.802	172
0.802	171
0.802	172
0.803	174
0.803	174
0.803	173
0.803	176
0.803	182
0.803	186
0.803	183
0.803	174
0.803	165
0.803	160
0.803	162
0.804	171
0.804	186
0.804	197
0.804	195
0.804	183
0.804	171
0.804	164
0.804	163
0.804	165
0.804	172
0.805	179
0.805	180
0.805	175
0.805	167
0.805	162
0.805	165
0.805	173
0.805	180
0.805	181
0.805	178
0.806	177
0.806	181
0.806	185
0.806	186
0.806	181
0.806	172
0.806	168
0.806	172
0.806	181
0.807	190
0.807	193
0.807	189
0.807	181
0.807	173
0.807	167
0.807	165
0.807	164
0.807	165
0.807	168
0.808	173
0.808	178
0.808	179
0.808	176
0.808	175
0.808	179
0.808	184
0.808	186
0.808	183
0.808	178
0.808	176
0.809	176
0.809	175
0.809	172
0.809	170
0.809	168
0.809	168
0.809	172
0.809	180
0.809	190
0.809	195
0.81	191
0.81	180
0.81	168
0.81	162
0.81	162
0.81	168
0.81	177
0.81	186
0.81	188
0.811	184
0.811	181
0.811	179
0.811	177
0.811	173
0.811	168
0.811	167
0.811	168
0.811	172
0.811	180
0.812	190
0.812	193
0.812	187
0.812	174
0.812	161
0.812	155
0.812	159
0.812	172
0.812	186
0.812	194
0.813	192
0.813	183
0.813	172
0.813	165
0.813	161
0.813	160
0.813	161
0.813	163
0.813	163
0.813	165
0.813	170
0.814	178
0.814	184
0.814	185
0.814	186
0.814	190
0.814	196
0.814	198
0.814	193
0.814	181
0.814	169
0.815	160
0.815	156
0.815	160
0.815	173
0.815	190
0.815	202
0.815	203
0.815	193
0.815	179
0.816	168
0.816	159
0.816	152
0.816	151
0.816	157
0.816	168
0.816	178
0.816	185
0.816	188
0.816	187
0.817	181
0.817	172
0.817	164
0.817	161
0.817	166
0.817	176
0.817	186
0.817	192
0.817	191
0.817	184
0.817	174
0.818	168
0.818	165
0.818	165
0.818	167
0.818	170
0.818	172
0.818	174
0.818	176
0.818	180
0.818	187
0.819	192
0.819	192
0.819	184
0.819	174
0.819	166
0.819	163
0.819	167
0.819	175
0.819	181
0.82	181
0.82	176
0.82	169
0.82	166
0.82	168
0.82	178
0.82	189
0.82	193
0.82	189
0.82	182
0.821	176
0.821	170
0.821	166
0.821	163
0.821	163
0.821	167
0.821	171
0.821	172
0.821	170
0.821	170
0.822	172
0.822	176
0.822	179
0.822	179
0.822	175
0.822	171
0.822	169
0.822	168
0.822	170
0.822	173
0.822	178
0.823	184
0.823	191
0.823	194
0.823	190
0.823	181
0.823	175
0.823	169
0.823	163
0.823	157
0.823	158
0.824	168
0.824	185
0.824	199
0.824	202
0.824	196
0.824	185
0.824	177
0.824	173
0.824	174
0.825	176
0.825	176
0.825	172
0.825	166
0.825	164
0.825	167
0.825	172
0.825	176
0.825	175
0.825	174
0.826	176
0.826	180
0.826	183
0.826	186
0.826	187
0.826	183
0.826	174
0.826	166
0.826	161
0.826	161
0.826	165
0.827	172
0.827	179
0.827	182
0.827	181
0.827	180
0.827	178
0.827	176
0.827	176
0.827	175
0.827	172
0.828	169
0.828	169
0.828	176
0.828	189
0.828	201
0.828	201
0.828	190
0.828	175
0.828	163
0.828	157
0.829	160
0.829	169
0.829	183
0.829	193
0.829	190
0.829	179
0.829	168
0.829	161
0.829	162
0.83	168
0.83	176
0.83	178
0.83	178
0.83	180
0.83	184
0.83	185
0.83	180
0.83	172
0.83	165
0.831	165
0.831	171
0.831	182
0.831	193
0.831	198
0.831	196
0.831	188
0.831	177
0.831	165
0.831	154
0.831	149
0.832	151
0.832	158
0.832	166
0.832	176
0.832	184
0.832	190
0.832	192
0.832	189
0.832	182
0.832	173
0.833	168
0.833	168
0.833	173
0.833	179
0.833	181
0.833	177
0.833	173
0.833	171
0.833	175
0.834	182
0.834	189
0.834	191
0.834	186
0.834	178
0.834	170
0.834	164
0.834	159
0.834	157
0.834	159
0.835	164
0.835	169
0.835	174
0.835	179
0.835	185
0.835	187
0.835	183
0.835	175
0.835	168
0.835	166
0.836	168
0.836	176
0.836	186
0.836	191
0.836	190
0.836	184
0.836	180
0.836	179
0.836	179
0.836	179
0.836	176
0.837	169
0.837	162
0.837	156
0.837	154
0.837	156
0.837	163
0.837	174
0.837	186
0.837	195
0.837	196
0.838	192
0.838	186
0.838	181
0.838	175
0.838	167
0.838	160
0.838	160
0.838	168
0.838	176
0.839	182
0.839	181
0.839	177
0.839	175
0.839	176
0.839	177
0.839	175
0.839	171
0.839	167
0.839	167
0.84	171
0.84	177
0.84	181
0.84	181
0.84	178
0.84	179
0.84	183
0.84	186
0.84	185
0.84	184
0.84	184
0.841	184
0.841	182
0.841	178
0.841	171
0.841	164
0.841	163
0.841	169
0.841	179
0.841	186
0.841	184
0.842	177
0.842	171
0.842	170
0.842	170
0.842	170
0.842	169
0.842	169
0.842	171
0.842	174
0.842	174
0.843	171
0.843	167
0.843	165
0.843	170
0.843	177
0.843	182
0.843	181
0.843	175
0.843	169
0.844	168
0.844	172
0.844	179
0.844	185
0.844	189
0.844	188
0.844	182
0.844	174
0.844	167
0.844	162
0.845	163
0.845	170
0.845	179
0.845	185
0.845	185
0.845	181
0.845	173
0.845	168
0.845	167
0.845	172
0.845	179
0.846	184
0.846	186
0.846	185
0.846	184
0.846	184
0.846	184
0.846	183
0.846	179
0.846	173
0.846	166
0.847	161
0.847	161
0.847	164
0.847	167
0.847	170
0.847	173
0.847	176
0.847	182
0.847	191
0.848	197
0.848	192
0.848	179
0.848	168
0.848	163
0.848	165
0.848	174
0.848	184
0.848	189
0.848	186
0.849	180
0.849	175
0.849	174
0.849	174
0.849	177
0.849	181
0.849	181
0.849	179
0.849	175
0.849	172
0.85	170
0.85	168
0.85	166
0.85	167
0.85	170
0.85	176
0.85	182
0.85	187
0.85	187
0.85	184
0.85	179
0.851	172
0.851	165
0.851	161
0.851	161
0.851	163
0.851	163
0.851	162
0.851	164
0.851	173
0.851	186
0.852	196
0.852	199
0.852	193
0.852	183
0.852	173
0.852	166
0.852	165
0.852	168
0.852	175
0.853	183
0.853	187
0.853	185
0.853	177
0.853	171
0.853	170
0.853	176
0.853	182
0.853	186
0.853	186
0.854	183
0.854	176
0.854	171
0.854	170
0.854	175
0.854	180
0.854	179
0.854	175
0.854	172
0.854	172
0.854	174
0.855	179
0.855	186
0.855	192
0.855	192
0.855	185
0.855	175
0.855	167
0.855	163
0.855	164
0.855	166
0.856	170
0.856	178
0.856	191
0.856	202
0.856	207
0.856	204
0.856	194
0.856	181
0.856	168
0.857	159
0.857	154
0.857	154
0.857	161
0.857	174
0.857	185
0.857	189
0.857	183
0.857	176
0.857	172
0.858	171
0.858	171
0.858	170
0.858	170
0.858	171
0.858	178
0.858	186
0.858	192
0.858	189
0.858	181
0.859	173
0.859	167
0.859	162
0.859	162
0.859	165
0.859	169
0.859	174
0.859	179
0.859	183
0.859	185
0.859	183
0.86	178
0.86	174
0.86	174
0.86	178
0.86	181
0.86	180
0.86	177
0.86	174
0.86	172
0.86	172
0.861	172
0.861	171
0.861	172
0.861	176
0.861	180
0.861	182
0.861	180
0.861	175
0.861	169
0.862	164
0.862	163
0.862	171
0.862	184
0.862	197
0.862	203
0.862	199
0.862	188
0.862	175
0.862	163
0.863	157
0.863	156
0.863	158
0.863	161
0.863	163
0.863	165
0.863	170
0.863	176
0.863	184
0.863	188
0.863	184
0.864	175
0.864	168
0.864	167
0.864	168
0.864	171
0.864	174
0.864	178
0.864	179
0.864	175
0.864	169
0.865	165
0.865	166
0.865	172
0.865	181
0.865	188
0.865	189
0.865	187
0.865	187
0.865	186
0.865	179
0.866	168
0.866	161
0.866	161
0.866	168
0.866	177
0.866	181
0.866	178
0.866	172
0.866	168
0.867	167
0.867	169
0.867	172
0.867	176
0.867	177
0.867	176
0.867	174
0.867	174
0.867	179
0.867	184
0.868	185
0.868	180
0.868	174
0.868	173
0.868	177
0.868	180
0.868	179
0.868	176
0.868	176
0.868	178
0.868	180
0.869	179
0.869	176
0.869	173
0.869	173
0.869	173
0.869	171
0.869	170
0.869	173
0.869	180
0.869	186
0.87	187
0.87	181
0.87	172
0.87	165
0.87	163
0.87	164
0.87	168
0.87	174
0.87	182
0.871	192
0.871	202
0.871	203
0.871	193
0.871	175
0.871	160
0.871	150
0.871	149
0.871	155
0.871	167
0.872	181
0.872	190
0.872	195
0.872	194
0.872	190
0.872	181
0.872	170
0.872	162
0.872	158
0.872	159
0.873	165
0.873	173
0.873	181
0.873	185
0.873	181
0.873	174
0.873	168
0.873	170
0.873	178
0.873	188
0.873	193
0.874	189
0.874	179
0.874	168
0.874	160
0.874	155
0.874	156
0.874	161
0.874	170
0.874	180
0.874	186
0.875	190
0.875	191
0.875	188
0.875	181
0.875	174
0.875	170
0.875	171
0.875	170
0.875	166
0.876	160
0.876	157
0.876	161
0.876	169
0.876	175
0.876	177
0.876	177
0.876	177
0.876	175
0.876	172
0.877	169
0.877	166
0.877	165
0.877	167
0.877	169
0.877	172
0.877	176
0.877	180
0.877	182
0.877	180
0.877	176
0.878	177
0.878	183
0.878	188
0.878	189
0.878	182
0.878	171
0.878	163
0.878	161
0.878	167
0.878	176
0.879	181
0.879	179
0.879	171
0.879	165
0.879	164
0.879	170
0.879	179
0.879	185
0.879	183
0.879	174
0.88	167
0.88	165
0.88	171
0.88	182
0.88	189
0.88	190
0.88	187
0.88	183
0.88	180
0.881	179
0.881	176
0.881	172
0.881	167
0.881	161
0.881	159
0.881	167
0.881	182
0.881	197
0.881	200
0.882	190
0.882	176
0.882	164
0.882	158
0.882	158
0.882	166
0.882	177
0.882	185
0.882	188
0.882	184
0.882	177
0.883	170
0.883	167
0.883	168
0.883	172
0.883	175
0.883	176
0.883	177
0.883	176
0.883	175
0.883	176
0.884	177
0.884	177
0.884	176
0.884	176
0.884	174
0.884	171
0.884	171
0.884	175
0.884	180
0.885	188
0.885	195
0.885	195
0.885	185
0.885	172
0.885	161
0.885	158
0.885	162
0.885	171
0.885	179
0.886	183
0.886	181
0.886	180
0.886	179
0.886	177
0.886	171
0.886	167
0.886	168
0.886	175
0.886	183
0.887	186
0.887	182
0.887	177
0.887	176
0.887	179
0.887	180
0.887	178
0.887	174
0.887	172
0.887	172
0.887	174
0.888	175
0.888	176
0.888	177
0.888	175
0.888	171
0.888	170
0.888	171
0.888	173
0.888	175
0.888	176
0.889	177
0.889	178
0.889	177
0.889	177
0.889	177
0.889	177
0.889	177
0.889	175
0.889	173
0.89	171
0.89	171
0.89	176
0.89	181
0.89	182
0.89	177
0.89	174
0.89	176
0.89	182
0.89	187
0.891	183
0.891	173
0.891	165
0.891	163
0.891	167
0.891	174
0.891	176
0.891	173
0.891	169
0.891	168
0.891	171
0.892	176
0.892	179
0.892	178
0.892	176
0.892	174
0.892	174
0.892	176
0.892	179
0.892	181
0.892	179
0.893	176
	
	
	
	
	
	
	
	
	
